year	month	periodo	area_cm2	area_m2	area_m2_ha	fruits_comp_q	fruits_comp	mes	Periodo	mean	max	variance	sd	n.dias	n.registros	medianf	meanf	maxf	variancef	sdf	medianm	meanm	maxm	variancem	sdm	avg_fis_rate	sd_fis	avg_fus_rate	sd_fus	p_M	sd_M	p_F	sd_F
2010	jan_I	1	123910.3042	12.39103042	4.363038879	58.98617512	51.6146394	jan	I	3.12	7	2.186428571	1.478657692	6	225	2	1.871111111	4	0.889563492	0.943166736	1	1.248888889	3	0.571706349	0.756112656	0.106775753	0.093399723	0.112781152	0.116041058	0.378941799	0.189979926	0.621058201	0.189979926
2010	jan_II	2	101559.5805	10.15595805	3.576041567	49.36797753	51.6146394	jan	II	2.890776699	7	2.165656816	1.471617075	12	412	2	1.822815534	4	0.889563492	0.943166736	1	1.248888889	3	0.571706349	0.756112656	0.182641797	0.153938744	0.113341154	0.104236784	0.325392973	0.243459607	0.674607027	0.243459607
2010	feb_I	3	260217.9143	26.02179143	9.162602617	52.22222222	45.66210046	feb	I	2.652838428	5	1.054269825	1.026776424	12	458	1	1.698689956	3	0.753652547	0.868131642	1	0.954148472	2	0.236405072	0.486215047	0.134206612	0.124896605	0.119376872	0.133058119	0.37150655	0.207488627	0.62849345	0.207488627
2010	feb_II	4	9343.854545	0.934385454	0.329008963	35.79595427	45.66210046	feb	II	3.485523385	8	2.919990853	1.708798073	12	449	2	2.04454343	3	0.753652547	0.868131642	1	0.954148472	2	0.236405072	0.486215047	0.207725605	0.147551929	0.086319521	0.138255182	0.414768268	0.225486355	0.585231732	0.225486355
2010	mar_I	5	84942.31743	8.494231743	2.99092667	23.89830508	34.32712215	mar	I	2.615044248	9	2.80136861	1.673728953	12	678	1	1.616519174	6	1.368234838	1.169715708	1	0.998525074	3	0.406201662	0.637339519	0.254818266	0.242899677	0.166521785	0.221701328	0.374831437	0.180724103	0.625168563	0.180724103
2010	mar_II	6	45911.47635	4.591147635	1.61660128	44.29149798	34.32712215	mar	II	2.448051948	8	2.293231971	1.514342092	10	616	1	1.542207792	6	1.368234838	1.169715708	1	0.998525074	3	0.406201662	0.637339519	0.330775271	0.253590968	0.254648664	0.334112729	0.332896568	0.272907793	0.667103432	0.272907793
2010	apr_I	7	54438.16348	5.443816348	1.916836742	41.86831739	43.9964943	apr	I	1.944791667	6	1.057428528	1.028313439	13	960	1	1.115625	3	0.450641945	0.6712987	1	0.829166667	3	0.527615572	0.726371511	0.179803945	0.17328921	0.15443697	0.186018213	0.379079861	0.328808564	0.620920139	0.328808564
2010	apr_II	8	26940.05185	2.694005185	0.948593375	46.29404617	43.9964943	apr	II	2.040183697	7	0.942061575	0.970598566	11	871	1	1.017221584	3	0.450641945	0.6712987	1	0.829166667	3	0.527615572	0.726371511	0.231200241	0.240469095	0.19422193	0.175625478	0.492302225	0.308370126	0.507697775	0.308370126
2010	may_I	9	80866.85723	8.086685723	2.84742455	68.14814815	68.14814815	may	I	1.94	4	0.792244898	0.8900814	3	50	1	1.34	3	0.269795918	0.519418828	1	0.6	1	0.244897959	0.494871659	0.339622642	NA	0.339622642	NA	0.245	0.213231534	0.755	0.213231534
2010	may_II	10	NA	NA	NA	NA	68.14814815	may	II	NA	NA	NA	NA	0	0	NA	NA	3	0.269795918	0.519418828	1	0.6	1	0.244897959	0.494871659	NA	NA	NA	NA	NA	NA	NA	NA
2010	jun_I	11	250407.059	25.0407059	8.817149965	84.24242424	67.40905716	jun	I	2.7	4	0.744897959	0.863074712	2	50	2	2.1	3	0.418367347	0.646813224	1	0.6	1	0.244897959	0.494871659	0.137931034	0.19506394	0.068965517	0.09753197	0.205	0.186878221	0.795	0.186878221
2010	jun_II	12	NA	NA	NA	61.94690265	67.40905716	jun	II	3.00952381	6	1.603727696	1.266383708	11	420	1	1.3	3	0.418367347	0.646813224	1	0.6	1	0.244897959	0.494871659	0.2053456	0.168261801	0.253431848	0.16849664	0.606428571	0.21585509	0.393571429	0.21585509
2010	jul_I	13	325939.5147	32.59395147	11.47674348	54.95049505	51.59112825	jul	I	3.164912281	7	2.321299728	1.523581218	10	285	1	1.368421053	3	0.536323202	0.732340906	1	1.796491228	4	1.733086237	1.316467332	0.119040948	0.093512655	0.191950799	0.146482556	0.496775272	0.297137545	0.503224728	0.297137545
2010	jul_II	14	NA	NA	NA	39.73799127	51.59112825	jul	II	4.955390335	9	5.035315985	2.243950977	7	269	3	2.442379182	3	0.536323202	0.732340906	1	1.796491228	4	1.733086237	1.316467332	0.135982924	0.137242941	0.274235351	0.279705962	0.495140733	0.242686944	0.504859267	0.242686944
2010	aug_I	15	264753.8547	26.47538547	9.322318829	27.04402516	42.03954214	aug	I	4.431630972	9	5.767182649	2.401495919	9	607	3	2.357495881	5	2.289477547	1.513101962	2	2.074135091	4	1.63970944	1.280511398	0.201755099	0.158543035	0.252742315	0.175590003	0.46151382	0.283513153	0.53848618	0.283513153
2010	aug_II	16	133528.1776	13.35281776	4.701696395	49.45567652	42.03954214	aug	II	6.022781775	9	5.26598697	2.294773839	10	834	4	3.383693046	5	2.289477547	1.513101962	2	2.074135091	4	1.63970944	1.280511398	0.139587054	0.150429355	0.102407677	0.109670151	0.427738761	0.177134732	0.572261239	0.177134732
2010	sep_I	17	NA	NA	NA	NA	74.72527473	sep	I	5.238095238	7	5.69047619	2.385471901	2	21	4	2.952380952	4	2.047619048	1.4309504	3	2.285714286	3	0.914285714	0.956182887	NA	NA	NA	NA	0.451020408	0.036019107	0.548979592	0.036019107
2010	sep_II	18	7246.436518	0.724643652	0.255156215	74.72527473	74.72527473	sep	II	1	1	0	0	1	32	1	0.78125	4	2.047619048	1.4309504	3	2.285714286	3	0.914285714	0.956182887	0	NA	0	NA	0.21875	0.420013441	0.78125	0.420013441
2010	oct_I	19	NA	NA	NA	NA	59.42211055	oct	I	NA	NA	NA	NA	0	0	NA	NA	NA	NA	NA	NA	NA	NA	NA	NA	NA	NA	NA	NA	NA	NA	NA	NA
2010	oct_II	20	157406.1669	15.74061669	5.542470667	59.42211055	59.42211055	oct	II	4.138686131	7	4.295353391	2.072523436	9	411	2	1.96593674	NA	NA	NA	NA	NA	NA	NA	NA	0.069073604	0.087011745	0.052747253	0.139556113	0.507119685	0.184867705	0.492880315	0.184867705
2010	nov_I	21	173522.4815	17.35224815	6.10994653	76.10619469	76.10619469	nov	I	3.308823529	7	2.873353819	1.695096994	2	68	1	1.705882353	4	1.195785777	1.093519902	1	1.602941176	3	0.481782265	0.69410537	0.125	0.176776695	0.375	0.530330086	0.503081232	0.081586482	0.496918768	0.081586482
2010	nov_II	22	NA	NA	NA	NA	76.10619469	nov	II	NA	NA	NA	NA	0	0	NA	NA	4	1.195785777	1.093519902	1	1.602941176	3	0.481782265	0.69410537	NA	NA	NA	NA	NA	NA	NA	NA
2010	dec_I	23	NA	NA	NA	NA	NA	dec	I	NA	NA	NA	NA	0	0	NA	NA	NA	NA	NA	NA	NA	NA	NA	NA	NA	NA	NA	NA	NA	NA	NA	NA
2010	dec_II	24	NA	NA	NA	NA	NA	dec	II	NA	NA	NA	NA	0	0	NA	NA	NA	NA	NA	NA	NA	NA	NA	NA	NA	NA	NA	NA	NA	NA	NA	NA
2011	jan_I	25	98892.79871	9.889279871	3.4821408	50.69204152	53.85217051	jan	I	4.777380952	9	5.784708269	2.405142048	8	840	2	2.488095238	5	2.452778251	1.566134812	2	2.289285714	4	1.323842159	1.150583399	0.215765409	0.093142252	0.07844898	0.079334624	0.510044407	0.193551066	0.489955593	0.193551066
2011	jan_II	26	107823.7907	10.78237907	3.796612347	56.45967166	53.85217051	jan	II	6.729533679	9	5.913286608	2.431725027	12	965	4	3.753367876	5	2.452778251	1.566134812	2	2.289285714	4	1.323842159	1.150583399	0.173960744	0.096242816	0.196027382	0.101165801	0.434132741	0.115042212	0.565867259	0.115042212
2011	feb_I	27	42870.66501	4.287066501	1.509530458	63.84615385	64.55026455	feb	I	4.414081146	9	5.645536251	2.376033723	11	838	3	2.464200477	5	2.019624868	1.421135063	1	1.949880668	4	1.469408588	1.212191647	0.056097164	0.059698204	0.075022805	0.161549466	0.451115657	0.177356447	0.548884343	0.177356447
2011	feb_II	28	31362.46853	3.136246853	1.104312272	67.41071429	64.55026455	feb	II	5.304054054	9	5.002160324	2.236550988	4	148	3	2.763513514	5	2.019624868	1.421135063	1	1.949880668	4	1.469408588	1.212191647	0.064785789	0.075118916	0.169465592	0.174595654	0.501876877	0.093615197	0.498123123	0.093615197
2011	mar_I	29	NA	NA	NA	62.74509804	58.8188348	mar	I	3.225352113	9	5.345203295	2.311969571	6	213	1	1.605633803	5	1.617326601	1.271741562	1	1.61971831	4	1.585835769	1.259299714	0.171111111	0.155587298	0.144444444	0.170836721	0.464267084	0.291077888	0.535732916	0.291077888
2011	mar_II	30	NA	NA	NA	52.66393443	58.8188348	mar	II	3.527173913	9	5.048437871	2.246872909	8	184	1	1.847826087	5	1.617326601	1.271741562	1	1.61971831	4	1.585835769	1.259299714	0.266304063	0.221692357	0.103130908	0.156468769	0.443793133	0.250323557	0.556206867	0.250323557
2011	apr_I	31	NA	NA	NA	51.77304965	51.77304965	apr	I	4.939393939	5	0.121212121	0.348155312	1	33	2	2	2	0	0	3	2.939393939	3	0.121212121	0.348155312	0	NA	0.125	NA	0.591919192	0.046420708	0.408080808	0.046420708
2011	apr_II	32	NA	NA	NA	NA	51.77304965	apr	II	NA	NA	NA	NA	0	0	NA	NA	2	0	0	3	2.939393939	3	0.121212121	0.348155312	NA	NA	NA	NA	NA	NA	NA	NA
2011	may_I	33	NA	NA	NA	NA	NA	may	I	NA	NA	NA	NA	0	0	NA	NA	NA	NA	NA	NA	NA	NA	NA	NA	NA	NA	NA	NA	NA	NA	NA	NA
2011	may_II	34	NA	NA	NA	NA	NA	may	II	NA	NA	NA	NA	0	0	NA	NA	NA	NA	NA	NA	NA	NA	NA	NA	NA	NA	NA	NA	NA	NA	NA	NA
2011	jun_I	35	NA	NA	NA	NA	31.25	jun	I	NA	NA	NA	NA	0	0	NA	NA	NA	NA	NA	NA	NA	NA	NA	NA	NA	NA	NA	NA	NA	NA	NA	NA
2011	jun_II	36	255585.8891	25.55858891	8.999503136	31.25	31.25	jun	II	5.392344498	8	3.460710342	1.860298455	6	209	4	3.181818182	NA	NA	NA	NA	NA	NA	NA	NA	0.027777778	0.055555556	0.11232425	0.086596818	0.417897015	0.094509964	0.582102985	0.094509964
2011	jul_I	37	197072.0203	19.70720203	6.939155644	60.77981651	60.36505867	jul	I	4.640776699	8	5.867292901	2.422249554	10	309	4	3.003236246	5	2.938301181	1.714147363	1	1.637540453	3	0.738326399	0.859259215	0.019607843	0.048029211	0.027777778	0.068041382	0.383822623	0.126122832	0.616177377	0.126122832
2011	jul_II	38	280376.476	28.0376476	9.872411127	59.81873112	60.36505867	jul	II	3.379146919	5	1.465086888	1.210407736	7	211	3	2.829383886	5	2.938301181	1.714147363	1	1.637540453	3	0.738326399	0.859259215	0.045714286	0.10222025	0.045714286	0.10222025	0.151658768	0.181093496	0.848341232	0.181093496
2011	aug_I	39	178773.7573	17.87737573	6.294850609	47.94520548	53.0875576	aug	I	3.675324675	7	4.26557807	2.065327594	11	308	3	2.766233766	5	2.427260036	1.557966635	1	0.909090909	2	0.545454545	0.738548946	0.034663866	0.059237862	0.031864047	0.084304343	0.237430427	0.208329045	0.762569573	0.208329045
2011	aug_II	40	104430.1025	10.44301025	3.677116285	56.56877898	53.0875576	aug	II	6.346405229	7	1.636987035	1.279447942	10	306	5	4.54248366	5	2.427260036	1.557966635	1	0.909090909	2	0.545454545	0.738548946	0	0	0	0	0.275319016	0.092445293	0.724680984	0.092445293
2011	sep_I	41	90741.08038	9.074108038	3.195108464	64.47368421	68.48635236	sep	I	4.202185792	7	5.898456735	2.428673863	8	183	4	2.852459016	5	2.818771393	1.67891971	2	1.349726776	2	0.668227947	0.817452107	0.064516129	0.129032258	0	0	0.302888368	0.212913413	0.697111632	0.212913413
2011	sep_II	42	115623.5531	11.56235531	4.07125187	72.54575707	68.48635236	sep	II	5.249070632	7	1.934000999	1.390683644	4	269	3	3.546468401	5	2.818771393	1.67891971	2	1.349726776	2	0.668227947	0.817452107	0.109482759	0.142687389	0	0	0.325243406	0.120261266	0.674756594	0.120261266
2011	oct_I	43	178529.9142	17.85299142	6.286264585	73.44632768	73.44632768	oct	I	4.920972644	8	2.524223441	1.588780489	11	329	4	3.212765957	5	1.222885314	1.105841451	2	1.708206687	3	0.829231225	0.91062134	0.08968254	0.060588364	0.088888889	0.108866211	0.32944348	0.159862463	0.67055652	0.159862463
2011	oct_II	44	113797.4579	11.37974579	4.006952743	NA	73.44632768	oct	II	2.2	4	0.4	0.632455532	2	10	1	1.1	5	1.222885314	1.105841451	2	1.708206687	3	0.829231225	0.91062134	NA	NA	NA	NA	0.5	0	0.5	0
2011	nov_I	45	38623.11361	3.862311361	1.359968789	38.25503356	38.25503356	nov	I	4.565340909	8	4.662385069	2.159255675	5	352	2	2.568181818	5	1.904169904	1.379916629	2	1.997159091	3	1.159536066	1.076817564	0.09023569	0.085125943	0.080606061	0.07947255	0.403929924	0.199147541	0.596070076	0.199147541
2011	nov_II	46	NA	NA	NA	NA	38.25503356	nov	II	NA	NA	NA	NA	0	0	NA	NA	5	1.904169904	1.379916629	2	1.997159091	3	1.159536066	1.076817564	NA	NA	NA	NA	NA	NA	NA	NA
2011	dec_I	47	NA	NA	NA	NA	NA	dec	I	NA	NA	NA	NA	0	0	NA	NA	NA	NA	NA	NA	NA	NA	NA	NA	NA	NA	NA	NA	NA	NA	NA	NA
2011	dec_II	48	NA	NA	NA	NA	NA	dec	II	NA	NA	NA	NA	0	0	NA	NA	NA	NA	NA	NA	NA	NA	NA	NA	NA	NA	NA	NA	NA	NA	NA	NA
2012	jan_I	49	NA	NA	NA	19.35483871	44.20131291	jan	I	3.413461538	7	0.672050037	0.81978658	3	104	3	2.875	4	0.149271845	0.386357147	0	0.538461538	3	0.969380134	0.984571041	0	NA	0	NA	0.115018315	0.208995435	0.884981685	0.208995435
2012	jan_II	50	35131.33954	3.513133954	1.237018998	50.54945055	44.20131291	jan	II	5.542443064	8	4.186472857	2.046087207	11	483	2	3.037267081	4	0.149271845	0.386357147	0	0.538461538	3	0.969380134	0.984571041	0.116390977	0.110950544	0.124582043	0.102483673	0.463691709	0.180771102	0.536308291	0.180771102
2012	feb_I	51	33513.3499	3.35133499	1.180047532	68.78901373	70.9414381	feb	I	5.287741935	8	2.742679003	1.65610356	12	775	3	3.367741935	5	2.284487789	1.511452212	2	1.92	3	1.055607235	1.027427484	0.078309643	0.095772006	0.072380156	0.100294019	0.358195084	0.230097868	0.641804916	0.230097868
2012	feb_II	52	2240.667942	0.224066794	0.078896759	74.08759124	70.9414381	feb	II	7.088068182	8	2.183105089	1.477533448	8	352	5	4.5	5	2.284487789	1.511452212	2	1.92	3	1.055607235	1.027427484	0	0	0.04233871	0.06560324	0.356635552	0.128104762	0.643364448	0.128104762
2012	mar_I	53	70187.0852	7.01870852	2.47137624	69.02356902	68.71310508	mar	I	7.408571429	8	1.623422022	1.274135794	12	350	5	4.688571429	5	0.616201392	0.784984963	3	2.72	3	0.328252149	0.572932936	0	0	0.016326531	0.04319594	0.367064626	0.051212639	0.632935374	0.051212639
2012	mar_II	54	47454.07342	4.745407342	1.670918078	68.36861768	68.71310508	mar	II	7.241050119	8	1.556588368	1.247633106	8	419	5	4.8424821	5	0.616201392	0.784984963	3	2.72	3	0.328252149	0.572932936	0	0	0.031317031	0.053491038	0.315007387	0.121644885	0.684992613	0.121644885