year	mes	month	periodo	median	mean	max	variance	sd	n.dias	n.registros	medianf	meanf	maxf	variancef	sdf	medianm	meanm	maxm	variancem	sdm	area_m2	area_m2_ha	fruits_comp	fruits_comp_indiv	fruits_comp_q	area_m2_p	area_m2_np	area_m2_10g	avg_fis_rate	sd_fis	avg_fus_rate	sd_fus	p_M	sd_M	p_F	sd_F
2006	Ago	8	p2	1	1.239316239	4	0.511199528	0.714982187	8	117	1	0.692307692	NA	NA	NA	NA	NA	NA	NA	NA	0.773018725	0.147241662	78.53	NA	78.52564103	0.149600354	0.623418371	0.35247715	0	NA	0	NA	0.297727273	0.442179048	0.702272727	0.442179048
2006	Sep	9	p1	1	1.753846154	10	8.2490161	2.872110043	7	130	0	0.715384615	4	1.042397138	1.02097852	0	1.038461538	6	3.866726297	1.966399323	NA	NA	NA	0.830864197	71.42857143	NA	NA	NA	0.32	0.113137085	0.32	0.113137085	0.575152625	0.247178351	0.424847375	0.247178351
2006	Sep	9	p2	NA	NA	NA	NA	NA	0	0	NA	NA	4	1.042397138	1.02097852	0	1.038461538	6	3.866726297	1.966399323	2.305748221	0.439190137	71.43	0.777777778	NA	0.247839015	2.057909206	0.85993089	NA	NA	NA	NA	NA	NA	NA	NA
2006	Oct	10	p1	4	4.299401198	11	7.75319241	2.784455496	5	167	2	2.407185629	6	2.71271914	1.647033436	2	1.892215569	6	2.277469158	1.509128609	2.552151124	0.486124024	84.12	NA	74.59954233	0.380314396	2.171836727	0.677434872	0.226594301	0.193806743	0.21076436	0.044773835	0.336138614	0.349150312	0.663861386	0.349150312
2006	Oct	10	p2	3	3.548387097	9	5.665213601	2.380170918	7	186	1	1.741935484	6	2.71271914	1.647033436	2	1.892215569	6	2.277469158	1.509128609	1.982606079	0.377639253	84.12	0.702389278	92.52525253	0.390722417	1.591883662	0.497086779	0.201437908	0.105562577	0.09254902	0.082900143	0.499754141	0.355620184	0.500245859	0.355620184
2006	Nov	11	p1	3	3.752	11	5.220258065	2.284788407	6	125	3	2.688	5	2.02283871	1.422265344	1	1.064	6	2.076516129	1.441012189	1.488906837	0.283601302	86.49	0.950016661	85	0.536889114	0.952017723	0.757213816	0.117647059	0.166378066	0.326203209	0.204191263	0.339115419	0.233235143	0.660884581	0.233235143
2006	Nov	11	p2	4	4.496527778	12	8.975597658	2.995930182	11	288	2	2.270833333	5	2.02283871	1.422265344	1	1.064	6	2.076516129	1.441012189	3.096235895	0.589759218	86.49	0.885811966	87.12220762	0.560570063	2.535665832	1.545350423	0.192307692	0.176730975	0.076923077	0.153846154	0.502217112	0.325158303	0.497782888	0.325158303
2006	Dic	12	p1	5	5.052631579	12	9.302879841	3.050062268	10	266	3	2.966165414	9	5.474322599	2.339727035	2	2.086466165	5	1.973627465	1.404858521	4.518752651	0.860714791	83.19	0.88981591	81.66047088	0.602785682	3.915966969	2.114953846	0	NA	0	NA	0.365229215	0.07771455	0.634770785	0.07771455
2006	Dic	12	p2	4	4.406593407	11	4.621733822	2.149821812	4	91	0	1.263736264	9	5.474322599	2.339727035	2	2.086466165	5	1.973627465	1.404858521	3.590845936	0.683970654	83.19	0.735251876	91.72413793	0.529165849	3.061680087	1.462324524	0.181818182	NA	0.181818182	NA	0.771158617	0.302460752	0.228841383	0.302460752
2007	Ene	1	p1	NA	NA	NA	NA	NA	0	0	NA	NA	NA	NA	NA	NA	NA	NA	NA	NA	NA	NA	NA	0.867777778	NA	NA	NA	NA	0.260606061	0.1971328	0	0	0.389532164	0.214500696	0.610467836	0.214500696
2007	Ene	1	p2	NA	NA	NA	NA	NA	0	0	NA	NA	NA	NA	NA	NA	NA	NA	NA	NA	NA	NA	NA	NA	NA	NA	NA	NA	NA	NA	NA	NA	NA	NA	NA	NA
2007	Feb	2	p1	5	4.983870968	13	14.03225806	3.745965572	4	124	4	3.419354839	9	5.952793076	2.439834641	1	1.564516129	4	2.085234723	1.444034184	NA	NA	NA	NA	NA	NA	NA	NA	0.268353868	0.115437383	0.087157287	0.083411225	0.370061136	0.254715451	0.629938864	0.254715451
2007	Feb	2	p2	NA	NA	NA	NA	NA	0	0	NA	NA	9	5.952793076	2.439834641	1	1.564516129	4	2.085234723	1.444034184	NA	NA	NA	NA	NA	NA	NA	NA	NA	NA	NA	NA	NA	NA	NA	NA
2007	Mar	3	p1	NA	NA	NA	NA	NA	0	0	NA	NA	NA	NA	NA	NA	NA	NA	NA	NA	NA	NA	NA	NA	NA	NA	NA	NA	0.398471438	0.583436186	0.509177309	0.719012435	0.388495763	0.223384053	0.611504237	0.223384053
2007	Mar	3	p2	NA	NA	NA	NA	NA	0	0	NA	NA	NA	NA	NA	NA	NA	NA	NA	NA	NA	NA	NA	NA	NA	NA	NA	NA	NA	NA	NA	NA	NA	NA	NA	NA
2007	Abr	4	p1	NA	NA	NA	NA	NA	0	0	NA	NA	NA	NA	NA	NA	NA	NA	NA	NA	NA	NA	NA	NA	NA	NA	NA	NA	0.060606061	0.104972776	0.110624315	0.121685712	0.107177033	0.204515712	0.892822967	0.204515712
2007	Abr	4	p2	NA	NA	NA	NA	NA	0	0	NA	NA	NA	NA	NA	NA	NA	NA	NA	NA	NA	NA	NA	NA	NA	NA	NA	NA	NA	NA	NA	NA	NA	NA	NA	NA
2007	May	5	p1	NA	NA	NA	NA	NA	0	0	NA	NA	NA	NA	NA	NA	NA	NA	NA	NA	NA	NA	NA	NA	NA	NA	NA	NA	0.162393162	0.166830951	0.188888889	0.200923792	0.387284611	0.213116861	0.612715389	0.213116861
2007	May	5	p2	4	4.358255452	13	11.04937695	3.32406031	9	321	3	2.956386293	NA	NA	NA	NA	NA	NA	NA	NA	2.78225275	0.529952905	87.35	NA	87.35440932	0.415640124	2.366612627	1.34174312	0.205927406	0.206723088	0.313497613	0.200519121	0.27166519	0.272533995	0.72833481	0.272533995
2007	Jun	6	p1	3	3.147651007	8	6.213816012	2.492752698	12	298	1	1.869127517	6	3.326249068	1.82380072	1	1.27852349	4	1.952466499	1.397306874	1.857110673	0.353735366	89.64	0.907099629	92.63888889	0.502859124	1.354251549	1.084626131	0.22274988	0.041040347	0.286571019	0.147045014	0.181468522	0.239976531	0.818531478	0.239976531
2007	Jun	6	p2	2	3.883534137	14	14.33718746	3.786447868	10	249	2	2.638554217	6	3.326249068	1.82380072	1	1.27852349	4	1.952466499	1.397306874	1.592914405	0.303412268	89.64	0.859584585	86.11111111	0.647500283	0.945414122	0.771913291	0.071800995	0.09927999	0.17542563	0.161648235	0.190927616	0.248482372	0.809072384	0.248482372
2007	Jul	7	p1	3	3.94047619	10	10.13444066	3.183463626	12	588	2	2.517006803	5	2.18880738	1.479461855	0	1.423469388	6	4.343366478	2.084074489	1.907769764	0.363384717	79.87	0.909941881	78.85245902	0.499786599	1.407983165	1.053188855	0.153740563	0.209683878	0.197867625	0.197883314	0.392791677	0.326081984	0.607208323	0.326081984
2007	Jul	7	p2	4	5.112433862	12	12.06283857	3.473159739	11	756	4	3.228835979	5	2.18880738	1.479461855	0	1.423469388	6	4.343366478	2.084074489	2.43449672	0.463713661	79.87	0.827487738	80.56179775	0.487217639	1.947279081	1.021903259	0.166067413	0.144875295	0.196714558	0.24711268	0.270792542	0.312792704	0.729207458	0.312792704
2007	Ago	8	p1	4	4.632970451	13	13.37286764	3.656893168	10	643	2	2.402799378	9	3.826596513	1.956168835	2	2.230171073	7	4.993667728	2.23465159	2.182040391	0.415626741	80.58	0.848812219	83.90092879	0.442108416	1.739931975	0.882582187	0.153606756	0.11481801	0.203174775	0.224572496	0.480278315	0.350944318	0.519721685	0.350944318
2007	Ago	8	p2	4	4.929088278	11	9.526848298	3.086559298	14	691	3	2.664254703	9	3.826596513	1.956168835	2	2.230171073	7	4.993667728	2.23465159	1.394588113	0.265635831	80.58	0.870267492	76.71480144	0.250977397	1.143610716	0.42277684	0.143656661	0.168335698	0.197103366	0.186259106	0.433779454	0.26667933	0.566220546	0.26667933
2007	Sep	9	p1	6	5.579059829	10	9.096519885	3.016043747	10	468	4	3.264957265	6	3.154486722	1.776087476	3	2.314102564	5	2.20305551	1.484269352	1.082978211	0.206281564	NA	0.864175359	NA	0.30086262	0.782115591	0.362743882	0.096689895	0.119024955	0.049814895	0.187195724	0.388728324	0.383678377	0.611271676	0.383678377
2007	Sep	9	p2	3	3.534031414	9	7.397519978	2.719838226	8	191	2	2.418848168	6	3.154486722	1.776087476	3	2.314102564	5	2.20305551	1.484269352	1.308625614	0.249262022	NA	NA	NA	0.284898156	1.023727458	0.352660199	0.187044818	0.146795883	0.375641309	0.114995823	0.299720752	0.246884167	0.700279248	0.246884167
2007	Oct	10	p1	3	4.278637771	11	7.661250312	2.76789637	7	323	2	2.263157895	6	1.710035959	1.307683432	2	2.015479876	6	3.698517393	1.923152982	1.796835825	0.342254443	88.27	NA	95.10309278	0.189256669	1.607579156	0.842476854	0.20612778	0.20805328	0.229632054	0.210653414	0.321209829	0.283517652	0.678790171	0.283517652
2007	Oct	10	p2	3	3.912087912	15	12.5720738	3.54571203	10	546	2	2.076923077	6	1.710035959	1.307683432	2	2.015479876	6	3.698517393	1.923152982	1.929664242	0.367555094	88.27	0.960070284	85.05467801	0.162854698	1.766809544	1.037029877	0.2655355	0.144077481	0.369524791	0.262400045	0.383264781	0.373429294	0.616735219	0.373429294
2007	Nov	11	p1	2	3.562857143	13	14.16652476	3.763844413	10	350	1	2.045714286	6	3.602488743	1.898022324	1	1.517142857	7	4.651567745	2.156749347	2.941450835	0.56027635	75.51	0.837505723	72.34042553	0.158366835	2.783084	1.878178603	0.074891775	0.092640693	0.224900862	0.078176281	0.287816476	0.260073602	0.712183524	0.260073602
2007	Nov	11	p2	4	4.63760218	12	9.160658716	3.026658011	11	367	4	3.504087193	6	3.602488743	1.898022324	1	1.517142857	7	4.651567745	2.156749347	2.387853181	0.454829177	75.51	0.761155996	79.71698113	0.260597145	2.127256037	0.603753302	0.283976206	0.284336798	0.229371361	0.170536073	0.25997578	0.303833526	0.74002422	0.303833526
2007	Dic	12	p1	10	8.318885449	14	12.80793416	3.578817424	9	323	5	5.309597523	10	6.282733688	2.506538188	4	3.009287926	5	2.493702286	1.579146062	2.184082911	0.416015793	NA	0.887857366	100	0.297165897	1.886917014	1.128627737	0.172739541	0.157288014	0.542510121	0.461538462	0.286436064	0.212845206	0.713563936	0.212845206
2007	Dic	12	p2	NA	NA	NA	NA	NA	0	0	NA	NA	10	6.282733688	2.506538188	4	3.009287926	5	2.493702286	1.579146062	2.567873099	0.489118686	NA	1	NA	0.289442234	2.278430865	1.235528224	NA	NA	NA	NA	NA	NA	NA	NA
2008	Ene	1	p1	4	5.780487805	14	30.92560976	5.561079909	3	41	3	3.658536585	9	12.2304878	3.497211433	1	2.12195122	5	5.059756098	2.249390161	NA	NA	NA	NA	96.13259669	NA	NA	NA	0.167327235	0.172908926	0.138550256	0.130442459	0.298510552	0.238767669	0.701489448	0.238767669
2008	Ene	1	p2	4.5	4.867816092	13	12.2187883	3.495538342	10	348	4	3.74137931	9	12.2304878	3.497211433	1	2.12195122	5	5.059756098	2.249390161	3.68496731	0.701898535	86.62	0.740860751	84.71760797	0.209321917	3.475645393	1.151163772	0.281942792	0.103797451	0.582192996	0.333362623	0.180099311	0.180510217	0.819900689	0.180510217
2008	Feb	2	p1	4	5.095121951	15	15.87112529	3.983858091	8	410	3	3.580487805	10	7.530180691	2.74411747	1	1.514634146	5	2.934993142	1.713182168	3.222276161	0.613766888	92.91	0.862811793	90.14844804	0.223098248	2.999177913	1.486428883	0.323973257	0.421117795	0.540337472	0.483797417	0.359794553	0.301860641	0.640205447	0.301860641
2008	Feb	2	p2	6	7.393728223	15	24.93884165	4.99388042	8	287	6	5.18466899	10	7.530180691	2.74411747	1	1.514634146	5	2.934993142	1.713182168	4.924409537	0.937982769	92.91	0.91340297	97.52252252	0.270274134	4.654135404	1.995574194	0.174287189	0.100589327	0.316884556	0.058601065	0.270075538	0.225201995	0.729924462	0.225201995
2008	Mar	3	p1	6	5.431707317	12	12.6566939	3.557624755	9	410	4	3.765853659	7	4.971936311	2.229783916	1	1.665853659	5	2.985872741	1.727967807	5.165845983	0.983970663	96.14	0.988126437	98.80597015	0.369045907	4.796800075	1.995151173	0.122137405	0.21154819	0.121674763	0.105375721	0.153463203	0.231202562	0.846536797	0.231202562
2008	Mar	3	p2	5	5.093548387	12	14.14332394	3.760761085	7	310	3	3.2	7	4.971936311	2.229783916	1	1.665853659	5	2.985872741	1.727967807	5.341096931	1.017351796	96.14	0.98961039	93.00699301	0.250395797	5.090701133	2.151975405	0.093521062	0.066781179	0.077786797	0.054026582	0.365135328	0.195314313	0.634864672	0.195314313
2008	Abr	4	p1	NA	NA	NA	NA	NA	0	0	NA	NA	NA	NA	NA	NA	NA	NA	NA	NA	4.028396005	0.767313525	87.91	0.93433647	75.25252525	0.211455192	3.816940813	1.595926106	0.253302253	0.315033334	0.428061172	0.029892742	0.478313031	0.399272036	0.521686969	0.399272036
2008	Abr	4	p2	4	4.317939609	10	7.267061939	2.695748864	10	563	3	2.676731794	NA	NA	NA	NA	NA	NA	NA	NA	3.562965861	0.678660164	87.91	0.91218638	89.30155211	0.10681142	3.456154442	1.021504136	0.212668471	0.24464698	0.305066653	0.175892919	0.29978678	0.302582555	0.70021322	0.302582555
2008	May	5	p1	0	1.00862069	8	5.618972981	2.370437297	8	232	0	0.590517241	6	1.913849082	1.383419344	0	0.418103448	4	1.196727123	1.093950238	3.179525371	0.60562388	80.16	0.90753833	85.27131783	0.240170633	2.939354739	1.311009421	0.266389965	0.100065691	0.404002951	0.173519294	0.459460486	0.409461267	0.540539514	0.409461267
2008	May	5	p2	2	1.696969697	4	0.815019263	0.902784173	11	528	1	1.015151515	6	1.913849082	1.383419344	0	0.418103448	4	1.196727123	1.093950238	1.122267424	0.213765224	80.16	0.763265306	79.64458805	0.368273754	0.753993671	0.431144566	0.198596978	0.216145762	0.097308489	0.143842992	0.302125506	0.434874623	0.697874494	0.434874623
2008	Jun	6	p1	1	1.430769231	5	1.15337132	1.073951265	9	325	1	0.8	2	0.314814815	0.561083608	0	0.630769231	3	0.968186135	0.983964499	1.061208671	0.202134985	74.84	0.887672028	84.48275862	0.2132297	0.847978971	0.641951782	0	0	0.076315789	0.096235706	0.246331237	0.26837302	0.753668763	0.26837302
2008	Jun	6	p2	2	2.030172414	6	1.165394355	1.079534323	8	464	1	0.961206897	2	0.314814815	0.561083608	0	0.630769231	3	0.968186135	0.983964499	0.804519822	0.153241871	74.84	0.81441425	71.30570758	0.356871575	0.447648247	0.552074364	0.241103116	0.187829181	0.258953266	0.208584461	0.527357811	0.464739426	0.472642189	0.464739426
2008	Jul	7	p1	1	1.510948905	6	1.810541005	1.345563453	3	137	1	1.189781022	3	0.316659511	0.562725075	0	0.321167883	3	0.837269214	0.91502416	2.584790168	0.492340984	76.75	0.687292567	77.11864407	0.359397969	2.225392199	0.678201542	0.142866162	0.084180061	0.178787879	0.145169005	0.037840136	0.131890576	0.962159864	0.131890576
2008	Jul	7	p2	2	1.816384181	5	1.000184056	1.000092024	10	354	1	1.751412429	3	0.316659511	0.562725075	0	0.321167883	3	0.837269214	0.91502416	1.036645818	0.197456346	76.75	0.812921245	76.46276596	0.2059037	0.830742117	0.537889789	0.109741374	0.111333206	0.149056057	0.12103331	0.026836158	0.110019755	0.973163842	0.110019755
2008	Ago	8	p1	1	1.846774194	5	1.304362022	1.142086696	8	248	1	1.310483871	4	0.895112316	0.946103755	0	0.536290323	5	1.213252579	1.101477453	0.778933899	0.148368362	54.6	0.750952957	61.13537118	0.164392267	0.614541632	0.377695254	0.186147976	0.067090994	0.211147976	0.035468339	0.139709596	0.184913557	0.860290404	0.184913557
2008	Ago	8	p2	2	2.843454791	11	4.018703724	2.004670478	11	741	1	1.695006748	4	0.895112316	0.946103755	0	0.536290323	5	1.213252579	1.101477453	1.723664513	0.32831705	54.6	0.659483593	48.59813084	0.157760805	1.565903708	0.554243992	0.202973115	0.21076731	0.347410467	0.32050303	0.337411802	0.369773994	0.662588198	0.369773994
2008	Sep	9	p1	4	3.692771084	15	16.8686747	4.107149218	5	166	2	2.554216867	10	10.95158817	3.309318385	0	1.138554217	5	3.380686382	1.838664293	1.449249442	0.276047513	87.07	0.595151299	87.07224335	0.149417811	1.299831632	0.309798817	0.152930403	0.053097762	0.278388278	0.259013473	0.434188034	0.481271895	0.565811966	0.481271895
2008	Sep	9	p2	NA	NA	NA	NA	NA	0	0	NA	NA	10	10.95158817	3.309318385	0	1.138554217	5	3.380686382	1.838664293	0.766410608	0.145982973	87.07	0.861710859	NA	0.155104952	0.611305656	0.309798817	NA	NA	NA	NA	NA	NA	NA	NA
2008	Oct	10	p1	NA	NA	NA	NA	NA	0	0	NA	NA	NA	NA	NA	NA	NA	NA	NA	NA	2.877789368	0.548150356	76.07	NA	89.63963964	0.182104929	2.695684439	1.903651353	0.281481481	0.020951312	0.214814815	0.115232216	0.153439153	0.20111227	0.846560847	0.20111227
2008	Oct	10	p2	NA	NA	NA	NA	NA	0	0	NA	NA	NA	NA	NA	NA	NA	NA	NA	NA	1.149289827	0.218912348	76.07	0.888911914	61	0.134362583	1.014927243	0.487018971	NA	NA	NA	NA	NA	NA	NA	NA
2008	Nov	11	p1	NA	NA	NA	NA	NA	0	0	NA	NA	NA	NA	NA	NA	NA	NA	NA	NA	0.934494692	0.177998989	83.43	0.591715688	82.89473684	0.16464339	0.769851302	0.255723344	0.211965812	0.190596374	0	0	0.295555556	0.138899399	0.704444444	0.138899399
2008	Nov	11	p2	NA	NA	NA	NA	NA	0	0	NA	NA	NA	NA	NA	NA	NA	NA	NA	NA	NA	NA	NA	0.833886112	84.18604651	NA	NA	NA	NA	NA	NA	NA	NA	NA	NA	NA
2008	Dic	12	p1	NA	NA	NA	NA	NA	0	0	NA	NA	NA	NA	NA	NA	NA	NA	NA	NA	NA	NA	NA	0.934859585	91.75824176	NA	NA	NA	0.093023256	NA	0.186046512	NA	0.20212766	0.370950226	0.79787234	0.370950226
2008	Dic	12	p2	NA	NA	NA	NA	NA	0	0	NA	NA	NA	NA	NA	NA	NA	NA	NA	NA	NA	NA	NA	0.898351648	NA	NA	NA	NA	NA	NA	NA	NA	NA	NA	NA	NA
2009	Ene	1	p1	NA	NA	NA	NA	NA	0	0	NA	NA	NA	NA	NA	NA	NA	NA	NA	NA	NA	NA	NA	NA	NA	NA	NA	NA	NA	NA	NA	NA	NA	NA	NA	NA
2009	Ene	1	p2	NA	NA	NA	NA	NA	0	0	NA	NA	NA	NA	NA	NA	NA	NA	NA	NA	NA	NA	NA	NA	NA	NA	NA	NA	NA	NA	NA	NA	NA	NA	NA	NA
2009	Feb	2	p1	NA	NA	NA	NA	NA	0	0	NA	NA	NA	NA	NA	NA	NA	NA	NA	NA	NA	NA	NA	NA	NA	NA	NA	NA	NA	NA	NA	NA	NA	NA	NA	NA
2009	Feb	2	p2	NA	NA	NA	NA	NA	0	0	NA	NA	NA	NA	NA	NA	NA	NA	NA	NA	NA	NA	NA	NA	NA	NA	NA	NA	NA	NA	NA	NA	NA	NA	NA	NA
2009	Mar	3	p1	NA	NA	NA	NA	NA	0	0	NA	NA	NA	NA	NA	NA	NA	NA	NA	NA	NA	NA	NA	NA	NA	NA	NA	NA	NA	NA	NA	NA	NA	NA	NA	NA
2009	Mar	3	p2	NA	NA	NA	NA	NA	0	0	NA	NA	NA	NA	NA	NA	NA	NA	NA	NA	NA	NA	NA	NA	NA	NA	NA	NA	NA	NA	NA	NA	NA	NA	NA	NA
2009	Abr	4	p1	NA	NA	NA	NA	NA	0	0	NA	NA	NA	NA	NA	NA	NA	NA	NA	NA	NA	NA	NA	NA	NA	NA	NA	NA	NA	NA	NA	NA	NA	NA	NA	NA
2009	Abr	4	p2	NA	NA	NA	NA	NA	0	0	NA	NA	NA	NA	NA	NA	NA	NA	NA	NA	NA	NA	NA	NA	NA	NA	NA	NA	NA	NA	NA	NA	NA	NA	NA	NA
2009	May	5	p1	NA	NA	NA	NA	NA	0	0	NA	NA	NA	NA	NA	NA	NA	NA	NA	NA	NA	NA	NA	NA	NA	NA	NA	NA	NA	NA	NA	NA	NA	NA	NA	NA
2009	May	5	p2	NA	NA	NA	NA	NA	0	0	NA	NA	NA	NA	NA	NA	NA	NA	NA	NA	NA	NA	NA	NA	NA	NA	NA	NA	NA	NA	NA	NA	NA	NA	NA	NA
2009	Jun	6	p1	NA	NA	NA	NA	NA	0	0	NA	NA	NA	NA	NA	NA	NA	NA	NA	NA	NA	NA	NA	NA	NA	NA	NA	NA	NA	NA	NA	NA	NA	NA	NA	NA
2009	Jun	6	p2	NA	NA	NA	NA	NA	0	0	NA	NA	NA	NA	NA	NA	NA	NA	NA	NA	NA	NA	NA	NA	NA	NA	NA	NA	NA	NA	NA	NA	NA	NA	NA	NA
2009	Jul	7	p1	NA	NA	NA	NA	NA	0	0	NA	NA	NA	NA	NA	NA	NA	NA	NA	NA	NA	NA	NA	NA	NA	NA	NA	NA	NA	NA	NA	NA	NA	NA	NA	NA
2009	Jul	7	p2	NA	NA	NA	NA	NA	0	0	NA	NA	NA	NA	NA	NA	NA	NA	NA	NA	NA	NA	NA	NA	NA	NA	NA	NA	NA	NA	NA	NA	NA	NA	NA	NA
2009	Ago	8	p1	NA	NA	NA	NA	NA	0	0	NA	NA	NA	NA	NA	NA	NA	NA	NA	NA	NA	NA	NA	NA	NA	NA	NA	NA	NA	NA	NA	NA	NA	NA	NA	NA
2009	Ago	8	p2	NA	NA	NA	NA	NA	0	0	NA	NA	NA	NA	NA	NA	NA	NA	NA	NA	NA	NA	NA	NA	NA	NA	NA	NA	NA	NA	NA	NA	NA	NA	NA	NA
2009	Sep	9	p1	NA	NA	NA	NA	NA	0	0	NA	NA	NA	NA	NA	NA	NA	NA	NA	NA	NA	NA	NA	NA	NA	NA	NA	NA	NA	NA	NA	NA	NA	NA	NA	NA
2009	Sep	9	p2	NA	NA	NA	NA	NA	0	0	NA	NA	NA	NA	NA	NA	NA	NA	NA	NA	NA	NA	NA	NA	NA	NA	NA	NA	NA	NA	NA	NA	NA	NA	NA	NA
2009	Oct	10	p1	NA	NA	NA	NA	NA	0	0	NA	NA	NA	NA	NA	NA	NA	NA	NA	NA	NA	NA	NA	NA	NA	NA	NA	NA	NA	NA	NA	NA	NA	NA	NA	NA
2009	Oct	10	p2	NA	NA	NA	NA	NA	0	0	NA	NA	NA	NA	NA	NA	NA	NA	NA	NA	NA	NA	NA	NA	NA	NA	NA	NA	NA	NA	NA	NA	NA	NA	NA	NA
2009	Nov	11	p1	NA	NA	NA	NA	NA	0	0	NA	NA	NA	NA	NA	NA	NA	NA	NA	NA	NA	NA	NA	NA	NA	NA	NA	NA	NA	NA	NA	NA	NA	NA	NA	NA
2009	Nov	11	p2	NA	NA	NA	NA	NA	0	0	NA	NA	NA	NA	NA	NA	NA	NA	NA	NA	NA	NA	NA	NA	NA	NA	NA	NA	NA	NA	NA	NA	NA	NA	NA	NA
2009	Dic	12	p1	NA	NA	NA	NA	NA	0	0	NA	NA	NA	NA	NA	NA	NA	NA	NA	NA	NA	NA	NA	NA	NA	NA	NA	NA	NA	NA	NA	NA	NA	NA	NA	NA
2009	Dic	12	p2	NA	NA	NA	NA	NA	0	0	NA	NA	NA	NA	NA	NA	NA	NA	NA	NA	NA	NA	NA	NA	NA	NA	NA	NA	NA	NA	NA	NA	NA	NA	NA	NA
2010	Ene	1	p1	NA	NA	NA	NA	NA	0	0	NA	NA	NA	NA	NA	NA	NA	NA	NA	NA	NA	NA	NA	NA	NA	NA	NA	NA	NA	NA	NA	NA	0.340909091	0.479494977	0.659090909	0.479494977
2010	Ene	1	p2	NA	NA	NA	NA	NA	0	0	NA	NA	NA	NA	NA	NA	NA	NA	NA	NA	NA	NA	NA	NA	90.51383399	NA	NA	NA	NA	NA	NA	NA	NA	NA	NA	NA
2010	Feb	2	p1	NA	NA	NA	NA	NA	0	0	NA	NA	NA	NA	NA	NA	NA	NA	NA	NA	6.903201749	1.314895571	91.03	0.94520548	88.63309353	0.430797449	6.4724043	1.537127431	0	NA	0	NA	0.214285714	0.369532978	0.785714286	0.369532978
2010	Feb	2	p2	NA	NA	NA	NA	NA	0	0	NA	NA	NA	NA	NA	NA	NA	NA	NA	NA	5.176855589	0.986067731	91.03	0.807722981	93.38028169	0.521630966	4.655224624	2.209738407	NA	NA	NA	NA	NA	NA	NA	NA
2010	Mar	3	p1	NA	NA	NA	NA	NA	0	0	NA	NA	NA	NA	NA	NA	NA	NA	NA	NA	4.788079908	0.912015221	89.58	0.95845412	90.35250464	0.797949711	3.990130197	2.448533359	0	0	0.117147708	0.136655628	0.137719298	0.200319253	0.862280702	0.200319253
2010	Mar	3	p2	NA	NA	NA	NA	NA	0	0	NA	NA	NA	NA	NA	NA	NA	NA	NA	NA	5.297406661	1.00902984	89.58	0.778536779	88.95612708	0.600118624	4.697288037	2.262697259	NA	NA	NA	NA	NA	NA	NA	NA
2010	Abr	4	p1	NA	NA	NA	NA	NA	0	0	NA	NA	NA	NA	NA	NA	NA	NA	NA	NA	2.434167691	0.463650989	98.55	0.884070849	98.55072464	0.609540273	1.824627418	1.138842248	0	0	0.043478261	0.061487546	0.161481481	0.296398881	0.838518519	0.296398881
2010	Abr	4	p2	NA	NA	NA	NA	NA	0	0	NA	NA	NA	NA	NA	NA	NA	NA	NA	NA	4.785345173	0.911494319	98.55	0.985294118	NA	0.906615692	3.878729481	3.085726442	NA	NA	NA	NA	NA	NA	NA	NA
2010	May	5	p1	NA	NA	NA	NA	NA	0	0	NA	NA	NA	NA	NA	NA	NA	NA	NA	NA	NA	NA	NA	NA	NA	NA	NA	NA	NA	NA	NA	NA	0.412037037	0.345928964	0.587962963	0.345928964
2010	May	5	p2	NA	NA	NA	NA	NA	0	0	NA	NA	NA	NA	NA	NA	NA	NA	NA	NA	NA	NA	NA	NA	NA	NA	NA	NA	NA	NA	NA	NA	NA	NA	NA	NA
2010	Jun	6	p1	NA	NA	NA	NA	NA	0	0	NA	NA	NA	NA	NA	NA	NA	NA	NA	NA	NA	NA	NA	NA	NA	NA	NA	NA	0	NA	0.181818182	NA	0.197619048	0.139583992	0.802380952	0.139583992
2010	Jun	6	p2	NA	NA	NA	NA	NA	0	0	NA	NA	NA	NA	NA	NA	NA	NA	NA	NA	NA	NA	NA	NA	NA	NA	NA	NA	NA	NA	NA	NA	NA	NA	NA	NA
2010	Jul	7	p1	NA	NA	NA	NA	NA	0	0	NA	NA	NA	NA	NA	NA	NA	NA	NA	NA	NA	NA	NA	NA	NA	NA	NA	NA	NA	NA	NA	NA	0.152097902	0.136774371	0.847902098	0.136774371
2010	Jul	7	p2	3	3.128813559	8	3.901717975	1.975276683	11	295	1	1.386440678	NA	NA	NA	NA	NA	NA	NA	NA	1.115357599	0.212449066	69.75	NA	69.76284585	0.464636149	0.65072145	0.885113917	0.013513514	0.038221988	0.09661628	0.13914018	0.304982818	0.460491772	0.695017182	0.460491772
2010	Ago	8	p1	3	4.306620209	14	16.75880217	4.093751601	8	287	3	2.808362369	8	5.001608148	2.236427541	1	1.49825784	6	4.495626325	2.120289208	1.180525408	0.224861982	60.59	0.753034085	67.31843575	0.508652248	0.67187316	0.54556031	0.067307692	0.082007868	0.118589744	0.148546541	0.356508481	0.330929346	0.643491519	0.330929346
2010	Ago	8	p2	2	2.475806452	7	2.906294894	1.704785879	10	248	1	1.524193548	8	5.001608148	2.236427541	1	1.49825784	6	4.495626325	2.120289208	0.656218846	0.124994066	60.59	0.700166186	56.22032289	0.541810219	0.114408627	0.534877026	0.065606056	0.065982154	0.170338488	0.147695875	0.395526114	0.411727239	0.604473886	0.411727239
2010	Sep	9	p1	2	2.478964401	12	6.146471651	2.479207868	10	309	2	1.841423948	7	2.062434329	1.436117798	0	0.637540453	5	1.588975749	1.260545814	0.882688166	0.168131079	55.44	0.527554666	45.75860397	0.43038933	0.452298836	0.469171444	0.043478261	0.086956522	0.088772097	0.065241498	0.209584087	0.23476884	0.790415913	0.23476884
2010	Sep	9	p2	NA	NA	NA	NA	NA	0	0	NA	NA	7	2.062434329	1.436117798	0	0.637540453	5	1.588975749	1.260545814	3.030009135	0.577144597	55.44	0.502879102	77.15846995	0.241208321	2.788800814	0.730073036	NA	NA	NA	NA	NA	NA	NA	NA
2010	Oct	10	p1	NA	NA	NA	NA	NA	0	0	NA	NA	NA	NA	NA	NA	NA	NA	NA	NA	1.374318156	0.261774887	78.34	0.732240945	87.71043771	0.114522205	1.259795951	0.581099639	0.074074074	0.10475656	0.159180457	0.015602041	0.106278935	0.140912305	0.893721065	0.140912305
2010	Oct	10	p2	2	4.06372549	9	8.247150584	2.871785261	8	204	2	2.838235294	NA	NA	NA	NA	NA	NA	NA	NA	1.607404105	0.30617221	78.34	0.881206854	55.48654244	0.239563741	1.367840365	0.765386652	0	0	0.176191919	0.106391377	0.334846716	0.279760576	0.665153284	0.279760576
2010	Nov	11	p1	6	6.348122867	11	11.14551872	3.338490486	8	293	5	5.252559727	9	6.435995138	2.536926317	1	1.09556314	3	0.977137781	0.988502798	3.026895699	0.576551562	77.62	0.570364731	69.16932907	0.043795227	2.983100472	2.195446938	0	NA	0.266666667	NA	0	0	1	0
2010	Nov	11	p2	8	6.834645669	11	7.980377453	2.824956186	6	127	6	4.763779528	9	6.435995138	2.536926317	1	1.09556314	3	0.977137781	0.988502798	3.457954867	0.65865807	77.62	0.714179494	90.95477387	0.093331743	3.364623124	1.282631906	0	0	0.232323232	0.014284985	0.288948541	0.159481613	0.711051459	0.159481613
2010	Dic	12	p1	3.5	3.573529412	6	2.904960492	1.704394465	4	68	3	2.867647059	5	2.862818262	1.691986484	1	0.705882353	2	0.330114135	0.574555598	5.083588384	0.968302549	82.41	0.906059701	81.64251208	0.288408121	4.795180263	2.269902205	0	NA	0.363636364	NA	0.209586466	0.299433068	0.790413534	0.299433068
2010	Dic	12	p2	NA	NA	NA	NA	NA	0	0	NA	NA	5	2.862818262	1.691986484	1	0.705882353	2	0.330114135	0.574555598	NA	NA	NA	0.668887147	NA	NA	NA	NA	NA	NA	NA	NA	NA	NA	NA	NA
2011	Ene	1	p1	6	4.882352941	9	7.110294118	2.666513476	2	17	5	4.470588235	8	6.889705882	2.624824924	0	0.411764706	2	0.382352941	0.618346942	2.569253066	0.489381536	88.89	1	88	0.156922849	2.412330217	0.258102713	0.1	NA	0.2	NA	0.048482317	0.128657858	0.951517683	0.128657858
2011	Ene	1	p2	3	2.735294118	6	0.884108867	0.940270635	3	68	1	1.029411765	8	6.889705882	2.624824924	0	0.411764706	2	0.382352941	0.618346942	2.157633521	0.410977814	88.89	0.666666667	89.10891089	0.197898318	1.959735203	0.277794653	0.244897959	NA	0.244897959	NA	0.656127451	0.179040756	0.343872549	0.179040756
2011	Feb	2	p1	7	6.806451613	13	14.69394178	3.833267768	7	124	3	3.75	9	8.514227642	2.917914948	3	3.056451613	6	3.240689746	1.800191586	3.556223033	0.677375816	90.5	0.57979798	81.14754098	0.280741056	3.275481977	0.31457242	0.101135762	0.094544108	0.237588983	0.083624988	0.376242051	0.32839267	0.623757949	0.32839267
2011	Feb	2	p2	6	7.043478261	15	20.49264822	4.526880628	8	276	5	5.34057971	9	8.514227642	2.917914948	3	3.056451613	6	3.240689746	1.800191586	4.315489793	0.821998056	90.5	0.826781824	94.78417266	0.275171793	4.040318	1.34400189	0.158172686	0.171430717	0.257976704	0.181458605	0.223708317	0.197514642	0.776291683	0.197514642
2011	Mar	3	p1	4	6.138554217	17	19.01397736	4.360501962	9	332	3	4.231927711	11	8.680186001	2.946215539	1	1.906626506	6	4.658928766	2.158455181	2.860575637	0.54487155	92.2	0.925571333	97.57462687	0.323043582	2.537532055	0.993596054	0.221525628	0.277676361	0.201300207	0.111773184	0.469402985	0.416915685	0.530597015	0.416915685
2011	Mar	3	p2	5	5.788732394	15	15.1749076	3.895498377	6	142	4	4.063380282	11	8.680186001	2.946215539	1	1.906626506	6	4.658928766	2.158455181	3.985970298	0.759232438	92.2	0.974484294	84.09090909	0.392154372	3.593815926	1.162391638	0.114797804	0.082581221	0.300997502	0.209588862	0.388050525	0.368989993	0.611949475	0.368989993
2011	Abr	4	p1	3	3.872881356	10	8.043531798	2.836112092	5	118	3	2.940677966	7	4.244314066	2.06017331	0.5	0.93220339	3	1.362885702	1.167426958	4.47541139	0.852459312	94.75	0.934446506	95.40540541	0.277143608	4.198267782	1.99759637	0.12541806	0.165058441	0.317233917	0.423154071	0.492929293	0.384566486	0.507070707	0.384566486
2011	Abr	4	p2	2	2.784053156	9	2.549878184	1.5968338	9	301	1	1.641196013	7	4.244314066	2.06017331	0.5	0.93220339	3	1.362885702	1.167426958	1.930139096	0.367645542	94.75	0.984386201	94.29198683	0.634359315	1.295779781	0.97200427	0.194025887	0.048460107	0.08700698	0.086069045	0.326467331	0.382472766	0.673532669	0.382472766
2011	May	5	p1	1	1.572327044	5	0.857528322	0.926028251	7	318	1	1.238993711	4	0.876455767	0.936192163	0	0.333333333	4	0.412197687	0.642026235	2.212355471	0.421401042	82.98	0.853891637	84.71794872	0.756422174	1.455933297	1.227263019	0.13391456	0.234076832	0.142890717	0.234702491	0.332329452	0.378072901	0.667670548	0.378072901
2011	May	5	p2	2	2.185483871	5	1.123351182	1.059882626	10	248	1	1.100806452	4	0.876455767	0.936192163	0	0.333333333	4	0.412197687	0.642026235	1.652576227	0.314776424	82.98	0.888772918	80.90692124	0.993112632	0.659463595	1.247962684	0.235998076	0.064959018	0.182241462	0.068048857	0.537365591	0.430883613	0.462634409	0.430883613
2011	Jun	6	p1	1	1.590361446	4	0.488686453	0.699061123	5	83	1	1.204819277	4	0.60387893	0.777096474	0	0.385542169	1	0.239788422	0.48968196	3.506146072	0.667837347	79.41	0.775970955	78.515625	0.374709686	3.131436386	2.076487289	0.118055556	0.009820928	0.1875	0.265165043	0.259656085	0.285088477	0.740343915	0.285088477
2011	Jun	6	p2	1	1.267716535	3	0.276965379	0.526275004	5	127	0	0.559055118	4	0.60387893	0.777096474	0	0.385542169	1	0.239788422	0.48968196	3.070547009	0.584866097	79.41	0.794179894	79.87421384	0.580648644	2.489898365	1.203840245	0.116883117	0.141473027	0.124647092	0.08478241	0.547244094	0.481536359	0.452755906	0.481536359
2011	Jul	7	p1	1	2.009433962	5	2.018867925	1.420868722	8	212	1	1.226415094	3	0.886881874	0.94174406	0	0.783018868	3	0.881606009	0.938938768	0.673645035	0.12831334	67.53	0.576759543	75.2293578	0.290891261	0.382753774	0.290891261	0.234921764	0.276782941	0.171201762	0.116086036	0.491764706	0.431071502	0.508235294	0.431071502
2011	Jul	7	p2	2	1.75862069	4	0.523313815	0.723404323	10	319	0	0.357366771	3	0.886881874	0.94174406	0	0.783018868	3	0.881606009	0.938938768	0.475246594	0.090523161	67.53	0.821135813	61.90028222	0.276477637	0.198768957	0.273025795	0.091972355	0.102666563	0.129340961	0.118504217	0.782915361	0.341239826	0.217084639	0.341239826
2011	Ago	8	p1	2	1.890804598	5	1.196099927	1.093663535	8	174	0	0.385057471	2	0.4809315	0.693492249	1	1.505747126	3	0.575111288	0.758360922	0.811634222	0.154596995	66.53	0.568735291	70.90592334	0.26560985	0.546024373	0.259372478	0.069387755	0.082579542	0.130612245	0.192717619	0.346869712	0.451863819	0.653130288	0.451863819
2011	Ago	8	p2	3	3.871794872	13	8.783457403	2.963689829	6	156	1	1.179487179	2	0.4809315	0.693492249	1	1.505747126	3	0.575111288	0.758360922	1.47377601	0.28071924	66.53	0.594097222	64.03425309	0.331904993	1.141871017	0.447760576	0.226790987	0.204543255	0.311386391	0.174585994	0.731136118	0.275517303	0.268863882	0.275517303
2011	Sep	9	p1	1	2.453846154	10	6.528861061	2.555163608	5	130	1	1.238461538	6	2.617113894	1.617749639	1	1.215384615	4	1.317590936	1.14786364	1.994631644	0.379929837	63.9	0.620790965	67.9245283	0.329803548	1.664828096	0.620851678	NA	NA	NA	NA	0.618181818	0.368056747	0.381818182	0.368056747
2011	Sep	9	p2	4	4.207920792	9	4.386336634	2.094358287	7	101	2	2.326732673	6	2.617113894	1.617749639	1	1.215384615	4	1.317590936	1.14786364	2.277634745	0.43383519	63.9	0.602654262	59.58702065	0.326363941	1.951270804	0.546101644	0.173913043	0.245950185	0.074074074	0.10475656	0.489863272	0.36503942	0.510136728	0.36503942
2011	Oct	10	p1	2	5.31092437	13	19.317761	4.395197493	6	119	2	2.899159664	6	5.515168779	2.348439648	2	2.411764706	7	5.78664008	2.405543614	2.766468436	0.526946369	76.96	0.757581454	76.5578635	0.353160293	2.413308143	0.970177651	0.119813953	0.119690244	0.101209302	0.093000928	0.466281062	0.323258168	0.533718938	0.323258168
2011	Oct	10	p2	6	5.585365854	9	6.448780488	2.539444917	2	41	3	2.731707317	6	5.515168779	2.348439648	2	2.411764706	7	5.78664008	2.405543614	4.441447034	0.845989911	76.96	0.729990843	82.60869565	0.266157584	4.17528945	2.086073593	0.19047619	NA	0.571428571	NA	0.589005033	0.213428146	0.410994967	0.213428146
2011	Nov	11	p1	3	3.671641791	9	4.041746156	2.01040945	6	134	2	2.410447761	6	2.303950174	1.517876864	1	1.26119403	4	1.923745932	1.386991684	2.497660142	0.475744789	78.07	0.834821429	80.27613412	0.066932705	2.430727437	0.545240047	0.073333333	0.168522995	0.100061728	0.114604946	0.300091181	0.35889281	0.699908819	0.35889281
2011	Nov	11	p2	5	6.040723982	16	15.28469766	3.909564893	8	221	4	3.859728507	6	2.303950174	1.517876864	1	1.26119403	4	1.923745932	1.386991684	2.411316285	0.45929834	78.07	0.665298297	76.29382304	0.114745775	2.296570509	0.432477793	0.072777051	0.094089126	0.367783197	0.324613487	0.389695498	0.275025211	0.610304502	0.275025211
2011	Dic	12	p1	8	9	15	26.84210526	5.180936717	4	77	5	5.571428571	10	13.82706767	3.718476525	3	3.428571429	6	3.327067669	1.824025128	3.138460332	0.597801968	91.33	0.620585207	100	0.067035589	3.071424744	0.696294407	0.106452456	0.073408958	0.264054336	0.192436548	0.260662845	0.283119762	0.739337155	0.283119762
2011	Dic	12	p2	2	4.633333333	14	13.99888424	3.741508284	8	240	1	2.608333333	10	13.82706767	3.718476525	3	3.428571429	6	3.327067669	1.824025128	2.122687911	0.404321507	91.33	1	89.97821351	0.097457374	2.025230537	0.505226708	0.074801027	0.077474231	0.109553213	0.122701011	0.478219246	0.101981281	0.521780754	0.101981281
2012	Ene	1	p1	9	7.970930233	14	15.61903305	3.952092237	6	172	6	4.494186047	8	7.514585883	2.7412745	3	3.476744186	6	2.987760098	1.728513841	1.841735548	0.350806771	94.19	0.899782135	93.37016575	0.099254839	1.742480708	0.478463142	0.063485923	0.059432402	0.132172792	0.149812789	0.417964792	0.308454543	0.582035208	0.308454543
2012	Ene	1	p2	9	9.913194444	17	25.98198558	5.097252748	8	288	5	5.885416667	8	7.514585883	2.7412745	3	3.476744186	6	2.987760098	1.728513841	2.641204743	0.503086618	94.19	0.949677141	94.71698113	0.117668751	2.523535992	0.393750227	0.09739946	0.111906519	0.209162788	0.143957713	0.432079628	0.169218637	0.567920372	0.169218637
2012	Feb	2	p1	7	7.657534247	17	26.55777043	5.153423176	6	146	5	4.952054795	10	10.9838923	3.314195574	2	2.705479452	7	5.2161077	2.283879966	2.458941343	0.46836978	91.49	0.873531448	90.19607843	0.121095061	2.337846282	0.459817365	0.191721133	0.061621506	0.117647059	0.166378066	0.504458212	0.378262716	0.495541788	0.378262716
2012	Feb	2	p2	7	7.354497354	17	16.81299033	4.100364658	9	378	5	4.333333333	10	10.9838923	3.314195574	2	2.705479452	7	5.2161077	2.283879966	3.32816984	0.633937112	91.49	0.820317573	91.94499018	0.130209058	3.197960782	1.105955855	0.119490371	0.104376838	0.256575988	0.197372532	0.451209423	0.306538214	0.548790577	0.306538214
2012	Mar	3	p1	10	9.245283019	16	17.88098694	4.228591602	1	53	5	5.528301887	10	15.67706821	3.959427764	5	3.716981132	6	4.360667634	2.088221165	4.276598442	0.814590179	96.22	0.884737429	94.7826087	0.204240156	4.072358287	1.934228497	0.077160494	0.074266725	0.280389364	0.189603673	0.655202375	0.276695639	0.344797625	0.276695639
2012	Mar	3	p2	6	6.483146067	16	21.50255363	4.637084604	5	89	3	3.707865169	10	15.67706821	3.959427764	5	3.716981132	6	4.360667634	2.088221165	2.827225893	0.538519218	96.22	0.666666667	96.95945946	0.178940546	2.648285347	0.760726665	0.217338217	0.231938816	0.362970363	0.208792005	0.456297588	0.322892799	0.543702412	0.322892799
2012	Abr	4	p1	5	6.322115385	17	21.67912419	4.656084642	13	416	1	2.694711538	10	7.923441844	2.814860893	4	3.627403846	7	7.125897822	2.669437735	3.110032586	0.592387159	91.78	0.961148649	92.34608985	0.202811786	2.9072208	1.330272362	0.142203908	0.075152394	0.271375967	0.155107968	0.678408843	0.316726319	0.321591157	0.316726319
2012	Abr	4	p2	2	3.886567164	13	12.37631602	3.517998866	11	335	2	2.265671642	10	7.923441844	2.814860893	4	3.627403846	7	7.125897822	2.669437735	1.862605999	0.354782095	91.78	0.945926911	90.33189033	0.175244567	1.687361432	0.553557789	0.064965547	0.082212684	0.226375493	0.172725072	0.237913753	0.332270487	0.762086247	0.332270487
2012	May	5	p1	4	4.348130841	15	13.27664755	3.643713429	10	428	1	1.5	8	3.641686183	1.908320252	3	2.848130841	7	6.194680339	2.488911477	0.930507033	0.177239435	80.39	0.925340198	82.0035461	0.263064984	0.66744205	0.35176968	0.095238095	0.134687006	0.345238095	0.218866385	0.2879329	0.414474552	0.7120671	0.414474552
2012	May	5	p2	2	3.886315789	14	11.84358872	3.441451542	11	475	2	2.223157895	8	3.641686183	1.908320252	3	2.848130841	7	6.194680339	2.488911477	0.635512768	0.121050051	80.39	0.740098121	78.03030303	0.19106689	0.444445878	0.305077545	0.16902584	0.174459133	0.250571063	0.178840984	0.343354978	0.35225747	0.656645022	0.35225747
2012	Jun	6	p1	3	3.012987013	8	3.304518398	1.817833435	11	385	1	1.028571429	4	1.059077381	1.029114853	2	1.984415584	5	3.312256494	1.819960575	1.507656213	0.287172612	81.66	0.778289572	81.70347003	0.168173531	1.339482682	1.377893381	0.292063492	0.255787138	0.4	0.352766841	0.62972973	0.389239127	0.37027027	0.389239127
2012	Jun	6	p2	2	2	2	0	0	1	9	0	0	4	1.059077381	1.029114853	2	1.984415584	5	3.312256494	1.819960575	1.559370222	0.297022899	81.66	0.77032972	NA	0.212491306	1.346878916	1.099878537	NA	NA	NA	NA	1	0	0	0
2012	Jul	7	p1	NA	NA	NA	NA	NA	0	0	NA	NA	NA	NA	NA	NA	NA	NA	NA	NA	2.779960154	0.52951622	86.76	NA	NA	0.265510637	2.514449518	0.656216468	0.407738095	0.307254732	0.44047619	0.084179379	0.766618996	0.234652125	0.233381004	0.234652125
2012	Jul	7	p2	NA	NA	NA	NA	NA	0	0	NA	NA	NA	NA	NA	NA	NA	NA	NA	NA	1.734876893	0.330452742	86.76	NA	86.11111111	0.169428816	1.565448077	0.364489289	NA	NA	NA	NA	NA	NA	NA	NA
2012	Ago	8	p1	NA	NA	NA	NA	NA	0	0	NA	NA	NA	NA	NA	NA	NA	NA	NA	NA	1.186488071	0.225997728	57.28	0.657278763	62.94820717	0.128135652	1.058352419	0.125389514	0.184587814	0.103911749	0.360215054	0.038016494	0.474087145	0.332809116	0.525912855	0.332809116
2012	Ago	8	p2	NA	NA	NA	NA	NA	0	0	NA	NA	NA	NA	NA	NA	NA	NA	NA	NA	0.396575454	0.075538182	57.28	0.783285405	55.30201342	0.149906968	0.246668486	0.15530957	NA	NA	NA	NA	NA	NA	NA	NA
2012	Sep	9	p1	NA	NA	NA	NA	NA	0	0	NA	NA	NA	NA	NA	NA	NA	NA	NA	NA	0.380477716	0.072471946	69.69	0.654880967	67.695962	0.132999826	0.247477889	0.237491385	0.201388889	0.109654808	0.149305556	0.113047365	0.543033289	0.373232618	0.456966711	0.373232618
2012	Sep	9	p2	NA	NA	NA	NA	NA	0	0	NA	NA	NA	NA	NA	NA	NA	NA	NA	NA	0.829919945	0.15807999	69.69	0.73014679	71.21588089	0.162219846	0.667700099	0.337344428	NA	NA	NA	NA	NA	NA	NA	NA
2012	Oct	10	p1	NA	NA	NA	NA	NA	0	0	NA	NA	NA	NA	NA	NA	NA	NA	NA	NA	1.020535917	0.194387794	75.41	0.647302322	76.19047619	0.087324948	0.933210969	0.287390722	0.047619048	0.095238095	0.19534632	0.217489389	0.189956567	0.294962404	0.810043433	0.294962404
2012	Oct	10	p2	NA	NA	NA	NA	NA	0	0	NA	NA	NA	NA	NA	NA	NA	NA	NA	NA	1.319509352	0.251335115	75.41	0.696356482	NA	0.068322887	1.251186465	0.314599337	NA	NA	NA	NA	NA	NA	NA	NA
2012	Nov	11	p1	NA	NA	NA	NA	NA	0	0	NA	NA	NA	NA	NA	NA	NA	NA	NA	NA	1.725325022	0.328633338	67.12	NA	57.59312321	0.080510604	1.644814418	0.450477606	0.243232865	0.164607449	0.353232685	0.153913312	0.586119436	0.371003938	0.413880564	0.371003938
2012	Nov	11	p2	NA	NA	NA	NA	NA	0	0	NA	NA	NA	NA	NA	NA	NA	NA	NA	NA	4.086345775	0.778351576	67.12	0.500096281	78.45117845	0.147945483	3.938400292	0.443502076	NA	NA	NA	NA	NA	NA	NA	NA
2012	Dic	12	p1	NA	NA	NA	NA	NA	0	0	NA	NA	NA	NA	NA	NA	NA	NA	NA	NA	2.833254986	0.539667616	82.53	0.691062339	83.66533865	0.148201074	2.685053912	0.36422455	0.094535829	0.093060141	0.158063906	0.143178063	0.249137336	0.332146447	0.750862664	0.332146447
2012	Dic	12	p2	NA	NA	NA	NA	NA	0	0	NA	NA	NA	NA	NA	NA	NA	NA	NA	NA	2.634642429	0.501836653	82.53	0.774422224	77.14285714	0.210203648	2.424438781	0.857772801	NA	NA	NA	NA	NA	NA	NA	NA
2013	Ene	1	p1	NA	NA	NA	NA	NA	0	0	NA	NA	NA	NA	NA	NA	NA	NA	NA	NA	NA	NA	NA	0.791346154	NA	NA	NA	NA	0.1875	NA	0.75	NA	0.687428571	0.110376157	0.312571429	0.110376157
2013	Ene	1	p2	3	4.130327869	11	13.02894001	3.609562301	11	1220	1	2.309016393	NA	NA	NA	NA	NA	NA	NA	NA	1.637559982	0.311916187	94.13	NA	94.18070444	0.232486201	1.405073781	0.486353173	0.172482311	0.163280927	0.309226213	0.158777601	0.370122622	0.308373336	0.629877378	0.308373336
2013	Feb	2	p1	2	3.213910761	11	5.805693227	2.409500618	6	762	1	1.711286089	5	2.040056425	1.428305438	1	1.502624672	6	3.070295336	1.752225823	1.570927136	0.299224216	89.26	0.920419241	89.77853492	0.2778276	1.293099536	0.785875297	0.224743828	0.229126682	0.309292301	0.15956168	0.453115001	0.378752161	0.546884999	0.378752161
2013	Feb	2	p2	2	3.011350738	10	7.138507378	2.671798529	8	881	1	1.489216799	5	2.040056425	1.428305438	1	1.502624672	6	3.070295336	1.752225823	1.761172654	0.335461458	89.26	0.936965042	88.38268793	0.314365202	1.446807452	0.619913157	0.183154163	0.159527738	0.285540852	0.188470774	0.452774552	0.369259307	0.547225448	0.369259307
2013	Mar	3	p1	3	3.8815427	10	10.37215541	3.220583085	11	726	1	1.776859504	6	2.568070675	1.602520101	2	2.104683196	6	4.805578037	2.192162867	2.195521881	0.418194644	93.69	0.923752314	91.52119701	0.408990674	1.786531206	1.253218724	0.08	0.138564065	0.133191489	0.122155827	0.543617021	0.408634158	0.456382979	0.408634158
2013	Mar	3	p2	1	2	9	2.444094488	1.56336	7	1271	1	1.014948859	6	2.568070675	1.602520101	2	2.104683196	6	4.805578037	2.192162867	2.60994013	0.497131453	93.69	0.813154814	99.34640523	0.279213067	2.330727063	1.545937209	0.120907568	0.165560381	0.31583591	0.218149963	0.260351967	0.35197826	0.739648033	0.35197826
2013	Abr	4	p1	NA	NA	NA	NA	NA	0	0	NA	NA	NA	NA	NA	NA	NA	NA	NA	NA	3.808593591	0.725446398	87.25	0.997183099	87.81609195	0.174466849	3.634126742	1.032214018	0.206865937	0.239856151	0.151820065	0.188084512	0.062943262	0.208836697	0.937056738	0.208836697
2013	Abr	4	p2	NA	NA	NA	NA	NA	0	0	NA	NA	NA	NA	NA	NA	NA	NA	NA	NA	1.560280572	0.297196299	87.25	0.8518725	85.71428571	0.170363525	1.389917047	0.133015311	NA	NA	NA	NA	NA	NA	NA	NA
2013	May	5	p1	NA	NA	NA	NA	NA	0	0	NA	NA	NA	NA	NA	NA	NA	NA	NA	NA	1.130516688	0.215336512	69.61	0.793209877	67.83216783	0.157383566	0.973133123	0.141552675	0.117561946	0.124169001	0.15879906	0.191271234	0.324751581	0.379835472	0.675248419	0.379835472
2013	May	5	p2	1	1.463276836	6	2.590973292	1.609650053	3	177	1	1.15819209	NA	NA	NA	NA	NA	NA	NA	NA	1.24268533	0.236701968	69.61	0.726794258	72.03389831	0.20339828	1.03928705	0.477323908	0.114285714	0.197948664	0.421052632	0.729284551	0.117073171	0.278669943	0.882926829	0.278669943
2013	Jun	6	p1	1	2.03514377	10	5.341709675	2.311213896	5	313	1	0.945686901	5	1.186143197	1.089102014	1	1.089456869	5	2.325305153	1.524895128	1.469284861	0.279863783	73.23	0.734351714	62.16216216	0.26349263	1.205792232	0.75315396	0.209558824	0.221413896	0.307457983	0.17988049	0.424655685	0.239545387	0.575344315	0.239545387
2013	Jun	6	p2	3	3.287878788	13	7.467092564	2.732598134	9	990	2	2.093939394	5	1.186143197	1.089102014	1	1.089456869	5	2.325305153	1.524895128	3.198027923	0.609148176	73.23	0.723161765	78.10218978	0.191458531	3.006569391	0.887492604	0.178967309	0.140620725	0.082740398	0.080024383	0.086476355	0.224957412	0.913523645	0.224957412
2013	Jul	7	p1	4	4.280172414	13	10.93975747	3.307530418	9	928	2	2.098060345	8	3.717450387	1.928069082	2	2.182112069	5	3.607576117	1.899362029	2.244660905	0.427554458	74.49	0.809606661	70.10309278	0.198647434	2.046013471	1.304462328	0.218866512	0.323581329	0.28183994	0.313008762	0.227170139	0.306853699	0.772829861	0.306853699
2013	Jul	7	p2	1	2.670175439	8	6.174460742	2.484846221	7	855	1	1.03625731	8	3.717450387	1.928069082	2	2.182112069	5	3.607576117	1.899362029	2.515743498	0.479189238	74.49	0.861904762	75.41666667	0.281866979	2.233876519	0.841635724	0.341993133	0.375623477	0.425228204	0.350344023	0.411808576	0.440740496	0.588191424	0.440740496
2013	Ago	8	p1	1	1.615969582	4	0.781763534	0.884173928	5	526	1	0.891634981	2	0.359663227	0.59971929	0	0.724334601	4	1.525768604	1.235220063	2.012427673	0.383319557	74.23	0.74491021	79.32011331	0.293314678	1.719112995	0.634436125	0	0	0	0	0.208955224	0.248468853	0.791044776	0.248468853
2013	Ago	8	p2	1	1.44516129	2	0.248596565	0.49859459	2	155	0	0.309677419	2	0.359663227	0.59971929	0	0.724334601	4	1.525768604	1.235220063	2.727051118	0.519438308	74.23	0.80270803	59.54198473	0.308372256	2.418678862	0.814465899	0.484090909	0.376052243	0.484090909	0.376052243	0.84516129	0.231929666	0.15483871	0.231929666
2013	Sep	9	p1	3	3.483271375	12	7.623786273	2.761120474	2	269	2	1.907063197	5	0.912972313	0.955495847	1	1.576208178	7	4.148088554	2.036685679	2.033332462	0.387301421	NA	0.689256199	64.1025641	0.294637292	1.738695169	0.963604273	0.163487738	0.231206577	0.163487738	0.231206577	0.157183908	0.258433734	0.842816092	0.258433734
2013	Sep	9	p2	1	1.25	2	0.19047619	0.43643578	3	64	1	0.8125	5	0.912972313	0.955495847	1	1.576208178	7	4.148088554	2.036685679	3.164824309	0.602823678	NA	0.694805195	70	0.248792226	2.916032083	1.205929369	0.888443018	0.650356638	0.888443018	0.650356638	0.3125	0.393397896	0.6875	0.393397896
2013	Oct	10	p1	NA	NA	NA	NA	NA	0	0	NA	NA	NA	NA	NA	NA	NA	NA	NA	NA	NA	NA	NA	0.6	NA	NA	NA	NA	0.068965517	0.11945178	0.304259635	0.362873465	0.115	0.143745441	0.885	0.143745441
2013	Oct	10	p2	2	2.553324969	9	5.204753378	2.281392859	8	797	1	1.64868256	NA	NA	NA	NA	NA	NA	NA	NA	NA	NA	NA	NA	70.60849598	NA	NA	NA	0.339853289	0.309212733	0.401599184	0.36379399	0.264563542	0.303570339	0.735436458	0.303570339
2013	Nov	11	p1	3	3.963414634	11	12.58301032	3.547253912	7	410	1	2.517073171	8	5.878680899	2.424599121	2	1.446341463	5	2.149925458	1.466262411	2.008958059	0.382658678	72.82	0.650957807	53.65853659	0.329542654	1.679415406	0.572410749	0.124481328	0.215607984	0.078431373	0.135847122	0.052835052	0.119821558	0.947164948	0.119821558
2013	Nov	11	p2	4	4.511066398	12	13.90763938	3.729294757	8	497	1	2.476861167	8	5.878680899	2.424599121	2	1.446341463	5	2.149925458	1.466262411	0.987150728	0.18802871	72.82	0.231578947	84.31372549	0.212145836	0.775004891	0.572796048	0.155976266	0.233966618	0.225481645	0.177511296	0.443214845	0.324182339	0.556785155	0.324182339
2013	Dic	12	p1	1	1.621832359	5	1.157491167	1.075867635	7	513	1	1.18128655	3	0.433867873	0.658686475	0	0.440545809	3	0.457884077	0.676671321	1.676363546	0.319307342	69.73	0.808563469	69.41176471	0.232498499	1.443865047	0.80844972	0.237870079	0.103291426	0.295528295	0.08563213	0.544998184	0.407474121	0.455001816	0.407474121
2013	Dic	12	p2	NA	NA	NA	NA	NA	0	0	NA	NA	3	0.433867873	0.658686475	0	0.440545809	3	0.457884077	0.676671321	2.949441271	0.561798337	69.73	0.765027046	NA	0.383523935	2.565917335	0.888722687	NA	NA	NA	NA	NA	NA	NA	NA
2014	Ene	1	p1	4	3.955555556	5	0.588888889	0.767390962	1	45	0	0.266666667	1	0.2	0.447213595	4	3.688888889	4	0.219191919	0.468179366	NA	NA	NA	NA	100	NA	NA	NA	0.069284065	0.097982464	0.319284065	0.255570927	0.320833333	0.246663786	0.679166667	0.246663786
2014	Ene	1	p2	3	4.458658346	13	12.15805382	3.486840091	6	641	3	2.928237129	1	0.2	0.447213595	4	3.688888889	4	0.219191919	0.468179366	3.515146266	0.66955167	85.72	1	84.83412322	0.245523993	3.269622273	0.955254641	0.364253053	0.336227158	0.352896336	0.332823964	0.211536557	0.252194074	0.788463443	0.252194074
2014	Feb	2	p1	6	5.275626424	11	10.59950426	3.255687986	8	1317	4	3.157175399	7	2.862055237	1.691760987	2	2.118451025	5	3.064986049	1.750710156	4.860569864	0.925822831	84.07	0.796875	81.93146417	0.302882584	4.55768728	1.144391966	0.735294118	0.750432401	1	1.732050808	0.241025641	0.246254284	0.758974359	0.246254284
2014	Feb	2	p2	2	5.241196013	18	32.57808899	5.707721874	7	1505	1	2.940199336	7	2.862055237	1.691760987	2	2.118451025	5	3.064986049	1.750710156	3.983837142	0.758826122	84.07	0.83019449	87.46736292	0.465594329	3.518242813	1.199962865	0.636301538	1.293793109	0.60184848	1.242792107	0.404401826	0.352040289	0.595598174	0.352040289
2014	Mar	3	p1	2	2.971603991	8	3.34251102	1.828253544	9	1303	2	2.005372218	5	1.255731486	1.120594256	1	0.966231773	4	1.393636097	1.180523654	3.046583441	0.580301608	88.93	0.783409069	83.84030418	0.25491593	2.79166751	1.359945638	0.160584919	0.138297425	0.233755651	0.200455217	0.203162946	0.320122832	0.796837054	0.320122832
2014	Mar	3	p2	1	2.048429319	8	2.863968696	1.692326415	8	764	1	1.589005236	5	1.255731486	1.120594256	1	0.966231773	4	1.393636097	1.180523654	3.245554687	0.618200893	88.93	0.904932935	93.70229008	0.442337613	2.803217074	1.612135108	0.161887391	0.169121305	0.17061295	0.143977234	0.097918225	0.186774235	0.902081775	0.186774235
2014	Abr	4	p1	2	2.924242424	5	3.548018648	1.883618499	1	66	2	2.484848485	4	1.945920746	1.394962632	0	0.439393939	1	0.25011655	0.500116537	1.736008102	0.33066821	91.54	0.928645178	66.66666667	0.417746019	1.318262083	0.476915587	0.098969072	0.221301573	0.346459326	0.265850065	0.473595128	0.351185002	0.526404872	0.351185002
2014	Abr	4	p2	2	3.333333333	9	10.57174638	3.25142221	2	900	1	1.995555556	4	1.945920746	1.394962632	0	0.439393939	1	0.25011655	0.500116537	NA	NA	NA	0.666666667	92.53246753	NA	NA	NA	0	0	0.205180621	0.009664047	0.261135802	0.248653385	0.738864198	0.248653385
2014	May	5	p1	3	5.2125	14	21.71377152	4.659803807	5	640	2	2.7171875	7	6.872943564	2.621629944	3	2.4953125	7	5.49606563	2.344368919	2.008466518	0.382565051	90.24	0.932007576	94.89795918	0.300748785	1.707717733	0.487868027	0.355220829	0.557175779	0.453292761	0.602343369	0.544872525	0.385494095	0.455127475	0.385494095
2014	May	5	p2	1	2.916167665	12	9.640958084	3.104989224	4	501	1	1.988023952	7	6.872943564	2.621629944	3	2.4953125	7	5.49606563	2.344368919	1.487332687	0.283301464	90.24	0.944852941	87.65690377	0.223876883	1.263455804	0.428974813	0.265217909	0.203287116	0.32073089	0.224394278	0.167141475	0.213456918	0.832858525	0.213456918
2014	Jun	6	p1	1	1.468446602	4	0.853016559	0.923588956	6	412	1	0.796116505	2	0.571469067	0.755955731	0	0.672330097	4	1.262200883	1.12347714	1.995795406	0.380151506	70.76	0.8208167	90.96045198	0.400234681	1.595560725	0.409918028	0.188922122	0.158377737	0.268077588	0.173707009	0.312452234	0.344817792	0.687547766	0.344817792
2014	Jun	6	p2	2	1.604571429	3	0.388079765	0.622960484	9	875	2	1.544	2	0.571469067	0.755955731	0	0.672330097	4	1.262200883	1.12347714	1.808691101	0.344512591	70.76	0.738866404	65.53755523	0.237035287	1.571655814	1.292142867	0.160048201	0.18703576	0.160048201	0.18703576	0.05	0.205155082	0.95	0.205155082
2014	Jul	7	p1	1	1.863760218	6	1.924114627	1.38712459	8	734	1	1.385558583	3	0.564647914	0.751430578	0	0.478201635	3	0.915622409	0.956881607	3.31321267	0.631088128	62.47	0.739093296	57.05521472	0.701116303	2.612096367	1.870594932	0.293454512	0.375672103	0.107883345	0.183191452	0.371798966	0.361940012	0.628201034	0.361940012
2014	Jul	7	p2	1	1.451448041	8	1.553906682	1.246557934	11	1174	1	1.117546848	3	0.564647914	0.751430578	0	0.478201635	3	0.915622409	0.956881607	3.255062205	0.620011849	62.47	0.751576568	66.31439894	0.580897217	2.674164987	1.273477963	0.066768293	0.115088491	0.081402439	0.150777188	0.089975845	0.234736168	0.910024155	0.234736168
2014	Ago	8	p1	2	2.235763098	5	1.514477809	1.230641219	8	878	1	0.717539863	2	0.636202835	0.797623241	2	1.518223235	3	0.963749633	0.981707509	2.997302858	0.57091483	41.63	0.539778427	36.40350877	0.366738405	2.630564454	0.837487549	0.151428571	0.188230564	0.107974882	0.140744133	0.372149837	0.407342404	0.627850163	0.407342404
2014	Ago	8	p2	1	1.612051176	6	1.927881134	1.388481593	9	2423	1	1.029715229	2	0.636202835	0.797623241	2	1.518223235	3	0.963749633	0.981707509	4.71650792	0.898382461	41.63	0.424541084	46.96802646	0.2686996	4.44780832	1.234123864	0.8056386	1.780695729	0.750148195	1.728969608	0.303200692	0.402403708	0.696799308	0.402403708
2014	Sep	9	p1	2	2.724440895	7	2.367651566	1.538717507	8	1252	1	1.251597444	3	1.006991851	1.003489836	1	1.47284345	4	1.211891828	1.100859586	5.372031397	1.023244076	76.35	0.433653506	84.64467005	0.259245311	5.112786086	2.528585347	0.549214214	0.821894974	0.690566764	0.92497794	0.447492063	0.37983944	0.552507937	0.37983944
2014	Sep	9	p2	1	2.310447761	8	3.161205177	1.777977834	6	1340	1	1.102238806	3	1.006991851	1.003489836	1	1.47284345	4	1.211891828	1.100859586	1.587021906	0.302289887	76.35	0.663740515	59.37090433	0.581351216	1.00567069	0.954567055	0.140340645	0.095403086	0.092251757	0.101255751	0.341429818	0.36252903	0.658570182	0.36252903
2014	Oct	10	p1	2	2.402332362	10	5.169885147	2.273738144	10	1372	1	1.354956268	5	1.450135884	1.204215879	0	1.047376093	6	2.147279762	1.465359943	2.918352629	0.555876691	59.91	0.442271871	49.57118353	0.663715333	2.254637296	1.610166977	0.19711162	0.205970151	0.140763841	0.163220204	0.298712189	0.367566667	0.701287811	0.367566667
2014	Oct	10	p2	2	2.396070321	10	3.628680194	1.904909498	9	967	1	1.467425026	5	1.450135884	1.204215879	0	1.047376093	6	2.147279762	1.465359943	2.473304649	0.471105647	59.91	0.457570313	71.59533074	0.344714587	2.128590063	1.197455473	0.177082598	0.134639919	0.12057971	0.171345295	0.297706583	0.322913399	0.702293417	0.322913399
2014	Nov	11	p1	3	4.083413231	17	13.64658642	3.694128641	8	1043	2	2.826462128	12	6.10709179	2.471253081	1	1.256951103	5	2.17959415	1.476344862	3.512919696	0.669127561	73.18	0.691742739	75.68533969	0.313887347	3.199032349	1.240600956	0.264669364	0.190964106	0.129190557	0.09245626	0.327864283	0.305423087	0.672135717	0.305423087
2014	Nov	11	p2	2	2.406926407	7	3.045499102	1.745135841	9	924	1	1.58982684	12	6.10709179	2.471253081	1	1.256951103	5	2.17959415	1.476344862	3.29065725	0.626791857	73.18	0.795489162	67	0.38546128	2.90519597	1.477152689	0.226480926	0.245240966	0.122238256	0.151266639	0.259665686	0.30642343	0.740334314	0.30642343
2014	Dic	12	p1	2	2.125237192	6	2.46337328	1.569513708	8	527	1	1.060721063	4	0.669309745	0.818113528	1	1.064516129	4	1.714460935	1.309374253	1.678450234	0.319704806	48.47	0.437294601	42.91845494	0.40429668	1.274153554	0.407094714	0.363671397	0.081931158	0.398197531	0.22891623	0.394002906	0.352373958	0.605997094	0.352373958
2014	Dic	12	p2	1	3.063829787	10	12.47026732	3.531326567	2	235	1	2.272340426	4	0.669309745	0.818113528	1	1.064516129	4	1.714460935	1.309374253	2.545503027	0.484857719	48.47	0.322226345	57.8125	0.34109632	2.204406707	0.796945694	0.269932256	0.213716484	0.269932256	0.213716484	0.126666667	0.208737215	0.873333333	0.208737215
2015	Ene	1	p1	2	3.473684211	9	6.715133157	2.591357397	6	418	2	2.69138756	6	2.453690636	1.566426071	0	0.782296651	3	1.249853706	1.117968562	4.345650646	0.82774298	91.33	0.199049317	83.96946565	0.586573928	3.759076718	0.763737026	0.078947368	0.157894737	0.137426901	0.210607522	0.273604269	0.309231038	0.726395731	0.309231038
2015	Ene	1	p2	2	1.955844156	5	1.370441017	1.170658369	6	385	1	1.493506494	6	2.453690636	1.566426071	0	0.782296651	3	1.249853706	1.117968562	5.882557464	1.120487136	91.33	0.80002405	93.80053908	0.568171117	5.314386347	0.853737722	0.121428571	0.192459908	0.19354067	0.229126911	0.291710758	0.39954153	0.708289242	0.39954153
2015	Feb	2	p1	2	4.335051546	12	16.30234931	4.037616786	9	582	1	2.798969072	8	7.217692567	2.686576365	1	1.536082474	4	2.311088241	1.520226378	3.881990597	0.73942678	96.12	0.893659947	97.87234043	0.499746161	3.382244437	0.610616983	0	0	0	0	0.286412512	0.266039962	0.713587488	0.266039962
2015	Feb	2	p2	4	6.400809717	16	26.60981679	5.158470392	6	494	3	4.439271255	8	7.217692567	2.686576365	1	1.536082474	4	2.311088241	1.520226378	3.587917235	0.683412807	96.12	0.98015873	90	0.298698642	3.289218594	1.366113537	0.344978024	0.34192132	0.228626339	0.222606059	0.281680162	0.250610748	0.718319838	0.250610748
2015	Mar	3	p1	4	4.159279778	8	4.957951214	2.226645732	6	722	2	2.929362881	5	3.538692797	1.881141355	1	1.229916898	4	1.017799993	1.00886074	2.664228445	0.507472085	93.46	0.939450252	92.71523179	0.270624781	2.393603664	1.331238923	0.152380952	0.208656212	0.251350025	0.234113856	0.236122921	0.295830285	0.763877079	0.295830285
2015	Mar	3	p2	6	4.530612245	7	6.295918367	2.509166867	3	49	3	2.081632653	5	3.538692797	1.881141355	1	1.229916898	4	1.017799993	1.00886074	2.382381994	0.453787046	93.46	0.798537234	100	0.333419698	2.048962296	0.760979191	0.25	0.353553391	0.25	0.353553391	0.679300292	0.281260846	0.320699708	0.281260846
2015	Abr	4	p1	3	2.282555283	4	1.405187543	1.185406067	7	407	1	1.518427518	4	1.077861561	1.038201118	1	0.764127764	3	0.771813461	0.878529147	1.952134357	0.371835116	91.88	1	91.13300493	0.283151852	1.668982506	0.494702095	0.091578947	0.115482848	0.119814241	0.166434515	0.161095636	0.212431551	0.838904364	0.212431551
2015	Abr	4	p2	1	1.261111111	3	0.550015475	0.741630282	7	360	1	1.261111111	4	1.077861561	1.038201118	1	0.764127764	3	0.771813461	0.878529147	2.319683369	0.441844451	91.88	0.935127133	92.3943662	0.433127666	1.886555703	0.505071054	0	0	0	0	0	0	1	0
2015	May	5	p1	1	1.418449198	5	0.623862652	0.789849765	8	748	1	1.295454545	2	0.261987343	0.511846992	0	0.122994652	4	0.45607027	0.675329749	1.724594624	0.328494214	81.36	0.958357321	78.70216306	0.359685216	1.364909408	0.476069211	0.190767974	0.1951657	0.057418699	0.071116431	0.079576976	0.126384369	0.920423024	0.126384369
2015	May	5	p2	2	1.4606866	3	0.599062499	0.773991279	13	903	1	0.964562569	2	0.261987343	0.511846992	0	0.122994652	4	0.45607027	0.675329749	1.252612383	0.238592835	81.36	0.827522837	83.27444052	0.394744737	0.857867646	0.462443194	0.072932675	0.111648863	0.064743162	0.091835852	0.27184265	0.377716053	0.72815735	0.377716053
2015	Jun	6	p1	1	1.187772926	4	1.197042825	1.094094523	5	229	1	0.593886463	2	0.35627825	0.596890484	0	0.593886463	2	0.593120355	0.770143075	1.475821474	0.281108852	65.11	0.866472743	74.76038339	0.327334309	1.148487165	0.832949473	0.026548673	0.053097345	0.053097345	0.10619469	0.387271689	0.373786308	0.612728311	0.373786308
2015	Jun	6	p2	1	1.036535859	3	0.476983105	0.690639635	9	739	0	0.424898512	2	0.35627825	0.596890484	0	0.593886463	2	0.593120355	0.770143075	1.357515223	0.258574328	65.11	0.676513847	58.59872611	0.345480109	1.012035114	0.856392106	0.039984592	0.080316358	0.041161616	0.081411438	0.552188552	0.455215522	0.447811448	0.455215522
2015	Jul	7	p1	1	1.210137276	4	0.2718633	0.521405121	10	947	1	1.043294615	2	0.250766301	0.500765715	0	0.166842661	2	0.166637272	0.408212288	1.029777901	0.196148172	74.14	0.59494937	74.9068323	0.24789656	0.781881341	0.550845923	0.107690965	0.197813864	0.170848859	0.205112375	0.222133758	0.353549899	0.777866242	0.353549899
2015	Jul	7	p2	1	0.907692308	4	0.348288716	0.590159907	6	455	0	0.27032967	2	0.250766301	0.500765715	0	0.166842661	2	0.166637272	0.408212288	2.461316606	0.468822211	74.14	0.634178806	69.65517241	0.252936561	2.208380045	0.800567221	0.15	0.335410197	0.081355932	0.181917395	0.791086351	0.400179695	0.208913649	0.400179695
2015	Ago	8	p1	NA	NA	NA	NA	NA	0	0	NA	NA	NA	NA	NA	NA	NA	NA	NA	NA	2.069612656	0.394211934	NA	0.433566841	NA	0.317251755	1.752360901	1.059828763	0.071428571	0.142857143	0.071428571	0.142857143	0.473432616	0.417183209	0.526567384	0.417183209
2015	Ago	8	p2	2	1.746724891	4	2.084693174	1.443846659	4	229	1	0.908296943	NA	NA	NA	NA	NA	NA	NA	NA	1.155392631	0.220074787	NA	NA	80	0.267261705	0.888130925	0.677965833	0.142857143	0.285714286	0.384024578	0.443461765	0.410784314	0.339752839	0.589215686	0.339752839
2015	Sep	9	p1	NA	NA	NA	NA	NA	0	0	NA	NA	NA	NA	NA	NA	NA	NA	NA	NA	1.759569409	0.335156078	NA	0.707602339	NA	0.272814149	1.48675526	0.703498652	0.115476056	0.143992617	0.074380165	0.148760331	0.030590717	0.096387313	0.969409283	0.096387313
2015	Sep	9	p2	NA	NA	NA	NA	NA	0	0	NA	NA	NA	NA	NA	NA	NA	NA	NA	NA	1.460453288	0.278181579	NA	NA	NA	0.38088189	1.079571398	0.655307938	NA	NA	NA	NA	NA	NA	NA	NA
2015	Oct	10	p1	NA	NA	NA	NA	NA	0	0	NA	NA	NA	NA	NA	NA	NA	NA	NA	NA	NA	NA	NA	NA	NA	NA	NA	NA	0.120745342	0.16785914	0	0	0.090909091	0.245338441	0.909090909	0.245338441
2015	Oct	10	p2	NA	NA	NA	NA	NA	0	0	NA	NA	NA	NA	NA	NA	NA	NA	NA	NA	NA	NA	NA	NA	NA	NA	NA	NA	NA	NA	NA	NA	NA	NA	NA	NA
2015	Nov	11	p1	NA	NA	NA	NA	NA	0	0	NA	NA	NA	NA	NA	NA	NA	NA	NA	NA	2.518720247	0.479756238	NA	NA	NA	0.159169077	2.35955117	0.437047944	0.204597701	0.206934862	0.271264368	0.235023042	0.14088729	0.247804018	0.85911271	0.247804018
2015	Nov	11	p2	NA	NA	NA	NA	NA	0	0	NA	NA	NA	NA	NA	NA	NA	NA	NA	NA	2.255811462	0.429678374	NA	NA	NA	0.225672403	2.030139059	0.298258513	NA	NA	NA	NA	NA	NA	NA	NA
2015	Dic	12	p1	NA	NA	NA	NA	NA	0	0	NA	NA	NA	NA	NA	NA	NA	NA	NA	NA	2.142334314	0.408063679	NA	NA	NA	0.201353269	1.940981045	0.340585692	0.176615553	0.214269261	0.208652793	0.262671064	0.22	0.277593699	0.78	0.277593699
2015	Dic	12	p2	NA	NA	NA	NA	NA	0	0	NA	NA	NA	NA	NA	NA	NA	NA	NA	NA	2.668939734	0.508369473	NA	NA	NA	0.16125067	2.507689063	0.499967694	NA	NA	NA	NA	NA	NA	NA	NA
2016	Ene	1	p1	NA	NA	NA	NA	NA	0	0	NA	NA	NA	NA	NA	NA	NA	NA	NA	NA	2.840374242	0.541023665	NA	NA	NA	0.166471753	2.673902489	0.591489	0.136363636	NA	0.136363636	NA	0.680412371	0.241367275	0.319587629	0.241367275
2016	Ene	1	p2	NA	NA	NA	NA	NA	0	0	NA	NA	NA	NA	NA	NA	NA	NA	NA	NA	2.582155396	0.491839123	NA	NA	NA	0.234648736	2.34750666	0.799145497	NA	NA	NA	NA	NA	NA	NA	NA
2016	Feb	2	p1	NA	NA	NA	NA	NA	0	0	NA	NA	NA	NA	NA	NA	NA	NA	NA	NA	2.775855158	0.528734316	NA	NA	NA	0.229711155	2.546144004	1.122959501	0.163337547	0.069369768	0.10619469	0.150181971	0.163461538	0.280328564	0.836538462	0.280328564
2016	Feb	2	p2	NA	NA	NA	NA	NA	0	0	NA	NA	NA	NA	NA	NA	NA	NA	NA	NA	2.94233254	0.560444293	NA	NA	NA	0.191496884	2.750835657	1.090784763	NA	NA	NA	NA	NA	NA	NA	NA
2016	Mar	3	p1	NA	NA	NA	NA	NA	0	0	NA	NA	NA	NA	NA	NA	NA	NA	NA	NA	2.716825941	0.517490655	NA	NA	NA	0.196761915	2.520064026	1.010119654	0.315789474	0.446593757	0.315789474	0.446593757	0.722222222	0.332149197	0.277777778	0.332149197
2016	Mar	3	p2	NA	NA	NA	NA	NA	0	0	NA	NA	NA	NA	NA	NA	NA	NA	NA	NA	NA	NA	NA	NA	NA	NA	NA	NA	NA	NA	NA	NA	NA	NA	NA	NA
2016	Abr	4	p1	NA	NA	NA	NA	NA	0	0	NA	NA	NA	NA	NA	NA	NA	NA	NA	NA	1.754093419	0.334113032	NA	NA	NA	0.183833354	1.570260066	0.439777755	0.042553191	0.07370429	0.310992908	0.185772625	0.470075758	0.25656507	0.529924242	0.25656507
2016	Abr	4	p2	NA	NA	NA	NA	NA	0	0	NA	NA	NA	NA	NA	NA	NA	NA	NA	NA	1.398961745	0.266468904	NA	NA	NA	0.205621463	1.193340283	0.578716946	NA	NA	NA	NA	NA	NA	NA	NA
2016	May	5	p1	NA	NA	NA	NA	NA	0	0	NA	NA	NA	NA	NA	NA	NA	NA	NA	NA	1.4345215	0.27324219	NA	NA	NA	0.202680112	1.231841388	0.705546507	0.041666667	0.072168784	0.25	0.125	0.240007411	0.153629551	0.759992589	0.153629551
2016	May	5	p2	NA	NA	NA	NA	NA	0	0	NA	NA	NA	NA	NA	NA	NA	NA	NA	NA	0.60187755	0.114643343	NA	NA	NA	0.185362537	0.416515013	0.346988589	NA	NA	NA	NA	NA	NA	NA	NA
2016	Jun	6	p1	NA	NA	NA	NA	NA	0	0	NA	NA	NA	NA	NA	NA	NA	NA	NA	NA	0.935132199	0.178120419	NA	NA	NA	0.225409159	0.70972304	0.6417992	0.170556341	0.069842787	0.301508722	0.191084258	0.519826518	0.405534538	0.480173482	0.405534538
2016	Jun	6	p2	NA	NA	NA	NA	NA	0	0	NA	NA	NA	NA	NA	NA	NA	NA	NA	NA	3.125089215	0.595255089	NA	NA	NA	0.177605685	2.94748353	1.339276002	NA	NA	NA	NA	NA	NA	NA	NA
2016	Jul	7	p1	NA	NA	NA	NA	NA	0	0	NA	NA	NA	NA	NA	NA	NA	NA	NA	NA	2.483873119	0.473118689	NA	NA	NA	0.185703092	2.298170027	0.708079055	0.100564972	0.100004788	0.1	0.173205081	0.137557078	0.297644512	0.862442922	0.297644512
2016	Jul	7	p2	3	2.266666667	3	1.114089347	1.055504309	3	195	3	2.266666667	NA	NA	NA	NA	NA	NA	NA	NA	1.494915434	0.284745797	NA	NA	74.28571429	0.176966426	1.317949008	0.516852988	0.05	0.08660254	0	0	0	0	1	0
2016	Ago	8	p1	2	3.789473684	11	11.07551487	3.327989614	9	760	2	2.615789474	7	5.180251023	2.276016481	1	1.173684211	4	1.611427779	1.269420253	0.772943802	0.147227391	64.82	0.808510638	74.43181818	0.201804423	0.571139379	0.437184934	0.179138844	0.215724292	0.27669982	0.150534119	0.08679962	0.163045951	0.91320038	0.163045951
2016	Ago	8	p2	2	2.80620155	7	3.991886947	1.997970707	7	645	2	1.855813953	7	5.180251023	2.276016481	1	1.173684211	4	1.611427779	1.269420253	1.190374246	0.226737952	64.82	0.813733697	57.30337079	0.391909659	0.798464587	0.668860999	0.249118605	0.132545486	0.157707185	0.077826462	0.208614315	0.2497823	0.791385685	0.2497823
2016	Sep	9	p1	2	3.295343137	9	6.132297305	2.476347574	9	816	2	2.18504902	7	2.582892758	1.607138064	1	1.110294118	4	1.803771202	1.343045495	1.149334486	0.218920854	69.3	0.695265878	74.04255319	0.275909633	0.873424853	0.271785968	0.069329772	0.097534691	0.273870811	0.191966302	0.33815455	0.270807815	0.66184545	0.270807815
2016	Sep	9	p2	1	1.923728814	4	1.208607722	1.099366964	6	472	1	1.044491525	7	2.582892758	1.607138064	1	1.110294118	4	1.803771202	1.343045495	1.577099823	0.300399966	69.3	0.803419808	57.91139241	0.177739303	1.39936052	0.320215852	0.201802022	0.22796194	0.207737642	0.180819258	0.467514124	0.368465942	0.532485876	0.368465942
2016	Oct	10	p1	2	2.615288221	8	2.375023192	1.541111025	7	798	1	1.697994987	6	1.244939513	1.115768575	1	0.917293233	3	0.730917633	0.85493721	1.225058971	0.233344566	69.31	0.504959386	66.95095949	0.183339004	1.041719967	0.20533516	0.136474164	0.140554276	0.206281662	0.188744581	0.251488095	0.324665516	0.748511905	0.324665516
2016	Oct	10	p2	1	1.673568819	5	0.754288346	0.868497752	8	821	1	1.053593179	6	1.244939513	1.115768575	1	0.917293233	3	0.730917633	0.85493721	1.398638964	0.266407422	69.31	0.672512136	71.20954003	0.19428844	1.204350524	0.257238181	0.272938467	0.191042359	0.403252181	0.356467892	0.38797881	0.43225018	0.61202119	0.43225018
2016	Nov	11	p1	2	2.328877005	6	2.842163664	1.685871781	9	748	1	1.477272727	5	1.59386029	1.262481798	1	0.851604278	3	0.624535575	0.790275633	1.098427981	0.209224377	62.9	0.715620481	58.69242199	0.196685029	0.901742952	0.411327961	0.118682796	0.15553474	0.237962963	0.260588524	0.40640346	0.304714572	0.59359654	0.304714572
2016	Nov	11	p2	2	2.582914573	10	5.579103572	2.36201261	8	597	1	1.917922948	5	1.59386029	1.262481798	1	0.851604278	3	0.624535575	0.790275633	1.223400155	0.233028601	62.9	0.640853461	69.75609756	0.209481442	1.013918713	0.430432386	0.153336509	0.156104264	0.323997579	0.312385447	0.136529207	0.198070855	0.863470793	0.198070855
2016	Dic	12	p1	3	3.231958763	8	4.318149125	2.07801567	4	388	2	1.974226804	4	1.689256507	1.29971401	1	1.257731959	4	0.946322491	0.972791083	1.550424531	0.295318958	73.48	0.764742928	79.85865724	0.274030497	1.276394034	0.455273244	0.217612309	0.207727383	0.418804258	0.189358889	0.252045177	0.211472398	0.747954823	0.211472398
2016	Dic	12	p2	3	3.570731707	8	6.656353987	2.579991083	8	410	3	2.887804878	4	1.689256507	1.29971401	1	1.257731959	4	0.946322491	0.972791083	2.110920346	0.402080066	73.48	0.862918017	54.4973545	0.226466007	1.884454339	0.605362451	0.131305157	0.167284347	0.355058576	0.314863971	0.142451499	0.219758843	0.857548501	0.219758843
2017	Ene	1	p1	3	3.086477987	7	4.107470411	2.02668952	8	636	2	2.273584906	5	1.547080672	1.243816977	0	0.812893082	3	1.364935869	1.168304699	3.879134362	0.738882736	88.51	0.699235714	88	0.647680018	3.231454343	1.424882435	0	0	0	0	0.108	0.178478417	0.892	0.178478417
2017	Ene	1	p2	4	5.148148148	9	8.417989418	2.901377159	9	747	4	3.666666667	5	1.547080672	1.243816977	0	0.812893082	3	1.364935869	1.168304699	3.816714304	0.726993201	88.51	0.844759603	NA	0.349427392	3.467286912	0.936671444	0.068965517	0.11945178	0.05	0.08660254	0.22343644	0.188281563	0.77656356	0.188281563
2017	Feb	2	p1	NA	NA	NA	NA	NA	8	705	NA	NA	NA	NA	NA	NA	NA	NA	NA	NA	6.215575768	1.183919194	NA	NA	NA	0.315966693	5.899609075	1.059230467	NA	NA	NA	NA	NA	NA	NA	NA